Number of BSplines:   40
Order of BSplines:    8
 and number of knots:   48
Knots: 
0.000000000000000000e0                  0.000000000000000000e0                  0.000000000000000000e0                  0.000000000000000000e0                  0.000000000000000000e0                  0.000000000000000000e0                  0.000000000000000000e0                  0.000000000000000000e0                  1.022464872205046172e-5                 1.378299530904178030e-5                 1.947460419436833174e-5                 2.857838622109848483e-5                 4.313997132999162120e-5                 6.643136388101666170e-5                 1.036861656700494169e-4                 1.632755720698413702e-4                 2.585893889353197999e-4                 4.110447368626936526e-4                 6.548985019937260850e-4                 1.044944896410196774e-3                 1.668827778495450310e-3                 2.666734325334090073e-3                 4.262895247228626002e-3                 6.815969677549183380e-3                 1.089963627867107120e-2                 1.743149947508581682e-2                 2.787927618755206572e-2                 4.459059345663791906e-2                 7.132050284825282215e-2                 1.140752447144532179e-1                 1.824618570768152569e-1                 2.918468877486327192e-1                 4.668092747093249626e-1                 7.466632607892503092e-1                 1.194292347733625072e0                  1.910279288943135366e0                  3.055507145966319206e0                  4.887309891259871252e0                  7.817295637840488695e0                  1.250383543980471975e1                  2.000000000000000000e1                  2.000000000000000000e1                  2.000000000000000000e1                  2.000000000000000000e1                  2.000000000000000000e1                  2.000000000000000000e1                  2.000000000000000000e1                  2.000000000000000000e1                  
----------------------------------------------------------------
BSplines Overlaps Matrix : 
7.521361156781754885e-7                 6.725391872221846327e-7                 3.060986717554675484e-7                 6.240481024792566853e-8                 4.901661921079346807e-9                 1.103972996686089164e-10                2.553807209790316576e-15                6.553815066818498906e-20                0.000000000000000000e0                  0.000000000000000000e0                  0.000000000000000000e0                  0.000000000000000000e0                  0.000000000000000000e0                  0.000000000000000000e0                  0.000000000000000000e0                  0.000000000000000000e0                  0.000000000000000000e0                  0.000000000000000000e0                  0.000000000000000000e0                  0.000000000000000000e0                  0.000000000000000000e0                  0.000000000000000000e0                  0.000000000000000000e0                  0.000000000000000000e0                  0.000000000000000000e0                  0.000000000000000000e0                  0.000000000000000000e0                  0.000000000000000000e0                  0.000000000000000000e0                  0.000000000000000000e0                  0.000000000000000000e0                  0.000000000000000000e0                  0.000000000000000000e0                  0.000000000000000000e0                  0.000000000000000000e0                  0.000000000000000000e0                  
6.725391872221846327e-7                 1.144072226534789604e-6                 1.011364562301883078e-6                 4.050896074229800875e-7                 6.364141616881348836e-8                 3.032352355244697863e-9                 5.964598188403507553e-12                9.785275308794487153e-15                2.511209080517507643e-19                0.000000000000000000e0                  0.000000000000000000e0                  0.000000000000000000e0                  0.000000000000000000e0                  0.000000000000000000e0                  0.000000000000000000e0                  0.000000000000000000e0                  0.000000000000000000e0                  0.000000000000000000e0                  0.000000000000000000e0                  0.000000000000000000e0                  0.000000000000000000e0                  0.000000000000000000e0                  0.000000000000000000e0                  0.000000000000000000e0                  0.000000000000000000e0                  0.000000000000000000e0                  0.000000000000000000e0                  0.000000000000000000e0                  0.000000000000000000e0                  0.000000000000000000e0                  0.000000000000000000e0                  0.000000000000000000e0                  0.000000000000000000e0                  0.000000000000000000e0                  0.000000000000000000e0                  0.000000000000000000e0                  
3.060986717554675484e-7                 1.011364562301883078e-6                 1.832566537855792385e-6                 1.562183721946704235e-6                 5.485448236712650354e-7                 6.647789032527497345e-8                 1.423524745461947196e-9                 1.575481359450752730e-11                2.585930380366347258e-14                6.636361205910112031e-19                0.000000000000000000e0                  0.000000000000000000e0                  0.000000000000000000e0                  0.000000000000000000e0                  0.000000000000000000e0                  0.000000000000000000e0                  0.000000000000000000e0                  0.000000000000000000e0                  0.000000000000000000e0                  0.000000000000000000e0                  0.000000000000000000e0                  0.000000000000000000e0                  0.000000000000000000e0                  0.000000000000000000e0                  0.000000000000000000e0                  0.000000000000000000e0                  0.000000000000000000e0                  0.000000000000000000e0                  0.000000000000000000e0                  0.000000000000000000e0                  0.000000000000000000e0                  0.000000000000000000e0                  0.000000000000000000e0                  0.000000000000000000e0                  0.000000000000000000e0                  0.000000000000000000e0                  
6.240481024792566853e-8                 4.050896074229800875e-7                 1.562183721946704235e-6                 2.972876762688442909e-6                 2.443967138711057442e-6                 7.747684930162827061e-7                 7.256642249845194673e-8                 3.008384025677708369e-9                 3.336606026983354245e-11                5.478561491863343070e-14                1.405990020181288100e-18                0.000000000000000000e0                  0.000000000000000000e0                  0.000000000000000000e0                  0.000000000000000000e0                  0.000000000000000000e0                  0.000000000000000000e0                  0.000000000000000000e0                  0.000000000000000000e0                  0.000000000000000000e0                  0.000000000000000000e0                  0.000000000000000000e0                  0.000000000000000000e0                  0.000000000000000000e0                  0.000000000000000000e0                  0.000000000000000000e0                  0.000000000000000000e0                  0.000000000000000000e0                  0.000000000000000000e0                  0.000000000000000000e0                  0.000000000000000000e0                  0.000000000000000000e0                  0.000000000000000000e0                  0.000000000000000000e0                  0.000000000000000000e0                  0.000000000000000000e0                  
4.901661921079346807e-9                 6.364141616881348836e-8                 5.485448236712650354e-7                 2.443967138711057442e-6                 4.808239267788579115e-6                 3.851470073105105083e-6                 1.099630464396570994e-6                 1.344091211302652426e-7                 5.597276670705697035e-9                 6.216602033195188478e-11                1.020981808601002830e-13                2.620205428006495867e-18                0.000000000000000000e0                  0.000000000000000000e0                  0.000000000000000000e0                  0.000000000000000000e0                  0.000000000000000000e0                  0.000000000000000000e0                  0.000000000000000000e0                  0.000000000000000000e0                  0.000000000000000000e0                  0.000000000000000000e0                  0.000000000000000000e0                  0.000000000000000000e0                  0.000000000000000000e0                  0.000000000000000000e0                  0.000000000000000000e0                  0.000000000000000000e0                  0.000000000000000000e0                  0.000000000000000000e0                  0.000000000000000000e0                  0.000000000000000000e0                  0.000000000000000000e0                  0.000000000000000000e0                  0.000000000000000000e0                  0.000000000000000000e0                  
1.103972996686089164e-10                3.032352355244697863e-9                 6.647789032527497345e-8                 7.747684930162827061e-7                 3.851470073105105083e-6                 7.728657009146031550e-6                 5.857488224320549727e-6                 1.885523635851004883e-6                 2.321146070599919621e-7                 9.691997571460897138e-9                 1.077331024062216164e-10                1.769601567582765474e-13                4.541442362003165301e-18                0.000000000000000000e0                  0.000000000000000000e0                  0.000000000000000000e0                  0.000000000000000000e0                  0.000000000000000000e0                  0.000000000000000000e0                  0.000000000000000000e0                  0.000000000000000000e0                  0.000000000000000000e0                  0.000000000000000000e0                  0.000000000000000000e0                  0.000000000000000000e0                  0.000000000000000000e0                  0.000000000000000000e0                  0.000000000000000000e0                  0.000000000000000000e0                  0.000000000000000000e0                  0.000000000000000000e0                  0.000000000000000000e0                  0.000000000000000000e0                  0.000000000000000000e0                  0.000000000000000000e0                  0.000000000000000000e0                  
2.553807209790316576e-15                5.964598188403507553e-12                1.423524745461947196e-9                 7.256642249845194673e-8                 1.099630464396570994e-6                 5.857488224320549727e-6                 1.140691912967268231e-5                 9.223377134795752035e-6                 2.997993351011603044e-6                 3.705215895726803419e-7                 1.549412897794592757e-8                 1.723064586127717486e-10                2.830490872909480375e-13                7.264079838167455903e-18                0.000000000000000000e0                  0.000000000000000000e0                  0.000000000000000000e0                  0.000000000000000000e0                  0.000000000000000000e0                  0.000000000000000000e0                  0.000000000000000000e0                  0.000000000000000000e0                  0.000000000000000000e0                  0.000000000000000000e0                  0.000000000000000000e0                  0.000000000000000000e0                  0.000000000000000000e0                  0.000000000000000000e0                  0.000000000000000000e0                  0.000000000000000000e0                  0.000000000000000000e0                  0.000000000000000000e0                  0.000000000000000000e0                  0.000000000000000000e0                  0.000000000000000000e0                  0.000000000000000000e0                  
6.553815066818498906e-20                9.785275308794487153e-15                1.575481359450752730e-11                3.008384025677708369e-9                 1.344091211302652426e-7                 1.885523635851004883e-6                 9.223377134795752035e-6                 1.824547460047765385e-5                 1.475287861082356334e-5                 4.795318605879577523e-6                 5.926527728149967898e-7                 2.478300525408819376e-8                 2.756058036687239733e-10                4.527396814290875420e-13                1.161896412839118948e-17                0.000000000000000000e0                  0.000000000000000000e0                  0.000000000000000000e0                  0.000000000000000000e0                  0.000000000000000000e0                  0.000000000000000000e0                  0.000000000000000000e0                  0.000000000000000000e0                  0.000000000000000000e0                  0.000000000000000000e0                  0.000000000000000000e0                  0.000000000000000000e0                  0.000000000000000000e0                  0.000000000000000000e0                  0.000000000000000000e0                  0.000000000000000000e0                  0.000000000000000000e0                  0.000000000000000000e0                  0.000000000000000000e0                  0.000000000000000000e0                  0.000000000000000000e0                  
0.000000000000000000e0                  2.511209080517507643e-19                2.585930380366347258e-14                3.336606026983354245e-11                5.597276670705697035e-9                 2.321146070599919621e-7                 2.997993351011603044e-6                 1.475287861082356334e-5                 2.918380849485583924e-5                 2.359736830933728337e-5                 7.670157281748373623e-6                 9.479536928749103282e-7                 3.964065035849390381e-8                 4.408340791600077763e-10                7.241613852293342360e-13                1.858464257338041738e-17                0.000000000000000000e0                  0.000000000000000000e0                  0.000000000000000000e0                  0.000000000000000000e0                  0.000000000000000000e0                  0.000000000000000000e0                  0.000000000000000000e0                  0.000000000000000000e0                  0.000000000000000000e0                  0.000000000000000000e0                  0.000000000000000000e0                  0.000000000000000000e0                  0.000000000000000000e0                  0.000000000000000000e0                  0.000000000000000000e0                  0.000000000000000000e0                  0.000000000000000000e0                  0.000000000000000000e0                  0.000000000000000000e0                  0.000000000000000000e0                  
0.000000000000000000e0                  0.000000000000000000e0                  6.636361205910112031e-19                5.478561491863343070e-14                6.216602033195188478e-11                9.691997571460897138e-9                 3.705215895726803419e-7                 4.795318605879577523e-6                 2.359736830933728337e-5                 4.667977659743216929e-5                 3.774421289672841479e-5                 1.226848882462659908e-5                 1.516260861426346424e-6                 6.340559366121057948e-8                 7.051182622498065343e-10                1.158302957235716328e-12                2.972631086245791724e-17                0.000000000000000000e0                  0.000000000000000000e0                  0.000000000000000000e0                  0.000000000000000000e0                  0.000000000000000000e0                  0.000000000000000000e0                  0.000000000000000000e0                  0.000000000000000000e0                  0.000000000000000000e0                  0.000000000000000000e0                  0.000000000000000000e0                  0.000000000000000000e0                  0.000000000000000000e0                  0.000000000000000000e0                  0.000000000000000000e0                  0.000000000000000000e0                  0.000000000000000000e0                  0.000000000000000000e0                  0.000000000000000000e0                  
0.000000000000000000e0                  0.000000000000000000e0                  0.000000000000000000e0                  1.405990020181288100e-18                1.020981808601002830e-13                1.077331024062216164e-10                1.549412897794592757e-8                 5.926527728149967898e-7                 7.670157281748373623e-6                 3.774421289672841479e-5                 7.466474238858384333e-5                 6.037222407677753745e-5                 1.962356344349674532e-5                 2.425273530947405447e-6                 1.014178443383967792e-7                 1.127843302644765002e-9                 1.852716491250240259e-12                4.754751424475488957e-17                0.000000000000000000e0                  0.000000000000000000e0                  0.000000000000000000e0                  0.000000000000000000e0                  0.000000000000000000e0                  0.000000000000000000e0                  0.000000000000000000e0                  0.000000000000000000e0                  0.000000000000000000e0                  0.000000000000000000e0                  0.000000000000000000e0                  0.000000000000000000e0                  0.000000000000000000e0                  0.000000000000000000e0                  0.000000000000000000e0                  0.000000000000000000e0                  0.000000000000000000e0                  0.000000000000000000e0                  
0.000000000000000000e0                  0.000000000000000000e0                  0.000000000000000000e0                  0.000000000000000000e0                  2.620205428006495867e-18                1.769601567582765474e-13                1.723064586127717486e-10                2.478300525408819376e-8                 9.479536928749103282e-7                 1.226848882462659908e-5                 6.037222407677753745e-5                 1.194269587884072517e-4                 9.656594111391738915e-5                 3.138807458078784019e-5                 3.879247858696915974e-6                 1.622187973699180547e-7                 1.803995986803701585e-9                 2.963437480244705089e-12                7.605269692951861641e-17                0.000000000000000000e0                  0.000000000000000000e0                  0.000000000000000000e0                  0.000000000000000000e0                  0.000000000000000000e0                  0.000000000000000000e0                  0.000000000000000000e0                  0.000000000000000000e0                  0.000000000000000000e0                  0.000000000000000000e0                  0.000000000000000000e0                  0.000000000000000000e0                  0.000000000000000000e0                  0.000000000000000000e0                  0.000000000000000000e0                  0.000000000000000000e0                  0.000000000000000000e0                  
0.000000000000000000e0                  0.000000000000000000e0                  0.000000000000000000e0                  0.000000000000000000e0                  0.000000000000000000e0                  4.541442362003165301e-18                2.830490872909480375e-13                2.756058036687239733e-10                3.964065035849390381e-8                 1.516260861426346424e-6                 1.962356344349674532e-5                 9.656594111391738915e-5                 1.910245455776017012e-4                 1.544581324576952097e-4                 5.020552096594867119e-5                 6.204893492292416962e-6                 2.594704944855518045e-7                 2.885508574437928542e-9                 4.740046165073475608e-12                1.216470051510897304e-16                0.000000000000000000e0                  0.000000000000000000e0                  0.000000000000000000e0                  0.000000000000000000e0                  0.000000000000000000e0                  0.000000000000000000e0                  0.000000000000000000e0                  0.000000000000000000e0                  0.000000000000000000e0                  0.000000000000000000e0                  0.000000000000000000e0                  0.000000000000000000e0                  0.000000000000000000e0                  0.000000000000000000e0                  0.000000000000000000e0                  0.000000000000000000e0                  
0.000000000000000000e0                  0.000000000000000000e0                  0.000000000000000000e0                  0.000000000000000000e0                  0.000000000000000000e0                  0.000000000000000000e0                  7.264079838167455903e-18                4.527396814290875420e-13                4.408340791600077763e-10                6.340559366121057948e-8                 2.425273530947405447e-6                 3.138807458078784019e-5                 1.544581324576952097e-4                 3.055455600923444300e-4                 2.470572378534042653e-4                 8.030420371834877662e-5                 9.924785590685513926e-6                 4.150255001277770771e-7                 4.615398146149424856e-9                 7.581748492015586689e-12                1.945755306474299527e-16                0.000000000000000000e0                  0.000000000000000000e0                  0.000000000000000000e0                  0.000000000000000000e0                  0.000000000000000000e0                  0.000000000000000000e0                  0.000000000000000000e0                  0.000000000000000000e0                  0.000000000000000000e0                  0.000000000000000000e0                  0.000000000000000000e0                  0.000000000000000000e0                  0.000000000000000000e0                  0.000000000000000000e0                  0.000000000000000000e0                  
0.000000000000000000e0                  0.000000000000000000e0                  0.000000000000000000e0                  0.000000000000000000e0                  0.000000000000000000e0                  0.000000000000000000e0                  0.000000000000000000e0                  1.161896412839118948e-17                7.241613852293342360e-13                7.051182622498065343e-10                1.014178443383967792e-7                 3.879247858696915974e-6                 5.020552096594867119e-5                 2.470572378534042653e-4                 4.887230015904878821e-4                 3.951703792124456082e-4                 1.284473303087894210e-4                 1.587478804324926006e-5                 6.638371969723237269e-7                 7.382372811568916851e-9                 1.212707813264295039e-11                3.112253941616235588e-16                0.000000000000000000e0                  0.000000000000000000e0                  0.000000000000000000e0                  0.000000000000000000e0                  0.000000000000000000e0                  0.000000000000000000e0                  0.000000000000000000e0                  0.000000000000000000e0                  0.000000000000000000e0                  0.000000000000000000e0                  0.000000000000000000e0                  0.000000000000000000e0                  0.000000000000000000e0                  0.000000000000000000e0                  
0.000000000000000000e0                  0.000000000000000000e0                  0.000000000000000000e0                  0.000000000000000000e0                  0.000000000000000000e0                  0.000000000000000000e0                  0.000000000000000000e0                  0.000000000000000000e0                  1.858464257338041738e-17                1.158302957235716328e-12                1.127843302644765002e-9                 1.622187973699180547e-7                 6.204893492292416962e-6                 8.030420371834877662e-5                 3.951703792124456082e-4                 7.817170447884394264e-4                 6.320787440340772852e-4                 2.054527147958687428e-4                 2.539187301482884614e-5                 1.061813849868011146e-6                 1.180817485366028907e-8                 1.939737570958776772e-11                4.978079496880320474e-16                0.000000000000000000e0                  0.000000000000000000e0                  0.000000000000000000e0                  0.000000000000000000e0                  0.000000000000000000e0                  0.000000000000000000e0                  0.000000000000000000e0                  0.000000000000000000e0                  0.000000000000000000e0                  0.000000000000000000e0                  0.000000000000000000e0                  0.000000000000000000e0                  0.000000000000000000e0                  
0.000000000000000000e0                  0.000000000000000000e0                  0.000000000000000000e0                  0.000000000000000000e0                  0.000000000000000000e0                  0.000000000000000000e0                  0.000000000000000000e0                  0.000000000000000000e0                  0.000000000000000000e0                  2.972631086245791724e-17                1.852716491250240259e-12                1.803995986803701585e-9                 2.594704944855518045e-7                 9.924785590685513926e-6                 1.284473303087894210e-4                 6.320787440340772852e-4                 1.250363776871730156e-3                 1.011015905230363186e-3                 3.286235526695425002e-4                 4.061454007730021656e-5                 1.698381255093381241e-6                 1.888728691080322268e-8                 3.102628516972411250e-11                7.962485048501849729e-16                0.000000000000000000e0                  0.000000000000000000e0                  0.000000000000000000e0                  0.000000000000000000e0                  0.000000000000000000e0                  0.000000000000000000e0                  0.000000000000000000e0                  0.000000000000000000e0                  0.000000000000000000e0                  0.000000000000000000e0                  0.000000000000000000e0                  0.000000000000000000e0                  
0.000000000000000000e0                  0.000000000000000000e0                  0.000000000000000000e0                  0.000000000000000000e0                  0.000000000000000000e0                  0.000000000000000000e0                  0.000000000000000000e0                  0.000000000000000000e0                  0.000000000000000000e0                  0.000000000000000000e0                  4.754751424475488957e-17                2.963437480244705089e-12                2.885508574437928542e-9                 4.150255001277770771e-7                 1.587478804324926006e-5                 2.054527147958687428e-4                 1.011015905230363186e-3                 1.999968639466026108e-3                 1.617129464131550249e-3                 5.256364681111680943e-4                 6.496333944043017683e-5                 2.716576816182164873e-6                 3.021039333105911540e-8                 4.962683539491539722e-11                1.273606984126066298e-15                0.000000000000000000e0                  0.000000000000000000e0                  0.000000000000000000e0                  0.000000000000000000e0                  0.000000000000000000e0                  0.000000000000000000e0                  0.000000000000000000e0                  0.000000000000000000e0                  0.000000000000000000e0                  0.000000000000000000e0                  0.000000000000000000e0                  
0.000000000000000000e0                  0.000000000000000000e0                  0.000000000000000000e0                  0.000000000000000000e0                  0.000000000000000000e0                  0.000000000000000000e0                  0.000000000000000000e0                  0.000000000000000000e0                  0.000000000000000000e0                  0.000000000000000000e0                  0.000000000000000000e0                  7.605269692951861641e-17                4.740046165073475608e-12                4.615398146149424856e-9                 6.638371969723237269e-7                 2.539187301482884614e-5                 3.286235526695425002e-4                 1.617129464131550249e-3                 3.198968678423190389e-3                 2.586613811151204655e-3                 8.407604822111415726e-4                 1.039094733861401893e-4                 4.345190207491231611e-6                 4.832180871331338829e-8                 7.937859069629402336e-11                2.037146368419102062e-15                0.000000000000000000e0                  0.000000000000000000e0                  0.000000000000000000e0                  0.000000000000000000e0                  0.000000000000000000e0                  0.000000000000000000e0                  0.000000000000000000e0                  0.000000000000000000e0                  0.000000000000000000e0                  0.000000000000000000e0                  
0.000000000000000000e0                  0.000000000000000000e0                  0.000000000000000000e0                  0.000000000000000000e0                  0.000000000000000000e0                  0.000000000000000000e0                  0.000000000000000000e0                  0.000000000000000000e0                  0.000000000000000000e0                  0.000000000000000000e0                  0.000000000000000000e0                  0.000000000000000000e0                  1.216470051510897304e-16                7.581748492015586689e-12                7.382372811568916851e-9                 1.061813849868011146e-6                 4.061454007730021656e-5                 5.256364681111680943e-4                 2.586613811151204655e-3                 5.116780535251212988e-3                 4.137313156699676114e-3                 1.344804311215354967e-3                 1.662041815027955884e-4                 6.950172668340851767e-6                 7.729118822579028656e-8                 1.269668035607878363e-10                3.258434806095847458e-15                0.000000000000000000e0                  0.000000000000000000e0                  0.000000000000000000e0                  0.000000000000000000e0                  0.000000000000000000e0                  0.000000000000000000e0                  0.000000000000000000e0                  0.000000000000000000e0                  0.000000000000000000e0                  
0.000000000000000000e0                  0.000000000000000000e0                  0.000000000000000000e0                  0.000000000000000000e0                  0.000000000000000000e0                  0.000000000000000000e0                  0.000000000000000000e0                  0.000000000000000000e0                  0.000000000000000000e0                  0.000000000000000000e0                  0.000000000000000000e0                  0.000000000000000000e0                  0.000000000000000000e0                  1.945755306474299527e-16                1.212707813264295039e-11                1.180817485366028907e-8                 1.698381255093381241e-6                 6.496333944043017683e-5                 8.407604822111415726e-4                 4.137313156699676114e-3                 8.184338665932432183e-3                 6.617671367409093294e-3                 2.151027163773420596e-3                 2.658451539481941278e-4                 1.111686665326483812e-5                 1.236279836459978303e-7                 2.030845983159576750e-10                5.211897166631360175e-15                0.000000000000000000e0                  0.000000000000000000e0                  0.000000000000000000e0                  0.000000000000000000e0                  0.000000000000000000e0                  0.000000000000000000e0                  0.000000000000000000e0                  0.000000000000000000e0                  
0.000000000000000000e0                  0.000000000000000000e0                  0.000000000000000000e0                  0.000000000000000000e0                  0.000000000000000000e0                  0.000000000000000000e0                  0.000000000000000000e0                  0.000000000000000000e0                  0.000000000000000000e0                  0.000000000000000000e0                  0.000000000000000000e0                  0.000000000000000000e0                  0.000000000000000000e0                  0.000000000000000000e0                  3.112253941616235588e-16                1.939737570958776772e-11                1.888728691080322268e-8                 2.716576816182164873e-6                 1.039094733861401893e-4                 1.344804311215354967e-3                 6.617671367409093294e-3                 1.309092679219005294e-2                 1.058502769028007500e-2                 3.440588211016062269e-3                 4.252218279872235986e-4                 1.778153293218454118e-5                 1.977441244107465971e-7                 3.248357280523945605e-10                8.336478613818542020e-15                0.000000000000000000e0                  0.000000000000000000e0                  0.000000000000000000e0                  0.000000000000000000e0                  0.000000000000000000e0                  0.000000000000000000e0                  0.000000000000000000e0                  
0.000000000000000000e0                  0.000000000000000000e0                  0.000000000000000000e0                  0.000000000000000000e0                  0.000000000000000000e0                  0.000000000000000000e0                  0.000000000000000000e0                  0.000000000000000000e0                  0.000000000000000000e0                  0.000000000000000000e0                  0.000000000000000000e0                  0.000000000000000000e0                  0.000000000000000000e0                  0.000000000000000000e0                  0.000000000000000000e0                  4.978079496880320474e-16                3.102628516972411250e-11                3.021039333105911540e-8                 4.345190207491231611e-6                 1.662041815027955884e-4                 2.151027163773420596e-3                 1.058502769028007500e-2                 2.093906071993601886e-2                 1.693085150099591542e-2                 5.503253253676545235e-3                 6.801463194323698216e-4                 2.844172942611538155e-5                 3.162935897340317810e-7                 5.195778069549352952e-10                1.333427607198403212e-14                0.000000000000000000e0                  0.000000000000000000e0                  0.000000000000000000e0                  0.000000000000000000e0                  0.000000000000000000e0                  0.000000000000000000e0                  
0.000000000000000000e0                  0.000000000000000000e0                  0.000000000000000000e0                  0.000000000000000000e0                  0.000000000000000000e0                  0.000000000000000000e0                  0.000000000000000000e0                  0.000000000000000000e0                  0.000000000000000000e0                  0.000000000000000000e0                  0.000000000000000000e0                  0.000000000000000000e0                  0.000000000000000000e0                  0.000000000000000000e0                  0.000000000000000000e0                  0.000000000000000000e0                  7.962485048501849729e-16                4.962683539491539722e-11                4.832180871331338829e-8                 6.950172668340851767e-6                 2.658451539481941278e-4                 3.440588211016062269e-3                 1.693085150099591542e-2                 3.349222486636622332e-2                 2.708105646355573354e-2                 8.802505419606023677e-3                 1.087900444873913432e-3                 4.549281413663679364e-5                 5.059145762482293725e-7                 8.310695966194841775e-10                2.132830018530364805e-14                0.000000000000000000e0                  0.000000000000000000e0                  0.000000000000000000e0                  0.000000000000000000e0                  0.000000000000000000e0                  
0.000000000000000000e0                  0.000000000000000000e0                  0.000000000000000000e0                  0.000000000000000000e0                  0.000000000000000000e0                  0.000000000000000000e0                  0.000000000000000000e0                  0.000000000000000000e0                  0.000000000000000000e0                  0.000000000000000000e0                  0.000000000000000000e0                  0.000000000000000000e0                  0.000000000000000000e0                  0.000000000000000000e0                  0.000000000000000000e0                  0.000000000000000000e0                  0.000000000000000000e0                  1.273606984126066298e-15                7.937859069629402336e-11                7.729118822579028656e-8                 1.111686665326483812e-5                 4.252218279872235986e-4                 5.503253253676545235e-3                 2.708105646355573354e-2                 5.357112916871409348e-2                 4.331640491555633204e-2                 1.407969033778861632e-2                 1.740107009539647308e-3                 7.276618475141894209e-5                 8.092151303972078553e-7                 1.329303648423876625e-9                 3.411481705783662654e-14                0.000000000000000000e0                  0.000000000000000000e0                  0.000000000000000000e0                  0.000000000000000000e0                  
0.000000000000000000e0                  0.000000000000000000e0                  0.000000000000000000e0                  0.000000000000000000e0                  0.000000000000000000e0                  0.000000000000000000e0                  0.000000000000000000e0                  0.000000000000000000e0                  0.000000000000000000e0                  0.000000000000000000e0                  0.000000000000000000e0                  0.000000000000000000e0                  0.000000000000000000e0                  0.000000000000000000e0                  0.000000000000000000e0                  0.000000000000000000e0                  0.000000000000000000e0                  0.000000000000000000e0                  2.037146368419102062e-15                1.269668035607878363e-10                1.236279836459978303e-7                 1.778153293218454118e-5                 6.801463194323698216e-4                 8.802505419606023677e-3                 4.331640491555633204e-2                 8.568752574252076830e-2                 6.928499770064264970e-2                 2.252059732522047146e-2                 2.783317553473335665e-3                 1.163901979634509113e-4                 1.294347223833446367e-6                 2.126198916689490952e-9                 8.935790479193614421e-14                0.000000000000000000e0                  0.000000000000000000e0                  0.000000000000000000e0                  
