Number of BSplines:    8
Order of BSplines:    4
 and number of knots:   12
Knots: 
0.00000000000000000000000e0                  0.00000000000000000000000e0                  0.00000000000000000000000e0                  0.00000000000000000000000e0                  1.00000000000000000000000e-1                 3.16227766016837933199889e-1                 1.00000000000000000000000e0                  3.16227766016837933199889e0                  1.00000000000000000000000e1                  1.00000000000000000000000e1                  1.00000000000000000000000e1                  1.00000000000000000000000e1                  
----------------------------------------------------------------
BSplines S Matrix : 
1.25643370494749897461152e-1                 8.74782667741887005406266e-2                 7.32710403919684212091434e-3                 4.30427178473939576917833e-5                 
8.74782667741887005406266e-2                 4.04285363867520350935206e-1                 2.71837132324057272309027e-1                 2.35848354001520974052392e-2                 
7.32710403919684212091434e-3                 2.71837132324057272309027e-1                 1.26086579931238454556104e0                  6.91183772050877184419528e-1                 
4.30427178473939576917833e-5                 2.35848354001520974052392e-2                 6.91183772050877184419528e-1                 9.15618628124724909410205e-1                 
----------------------------------------------------------------
BSplines T Matrix : 
2.39020173816276668759893e0                  -2.0054434787984629513339e-1                 -1.4495653123549652054209e-1                 -1.9332857871828743045019e-3                 
-2.0054434787984629513339e-1                 8.21949346114833418174248e-1                 -7.5857042598350934011315e-2                 -4.5619767236220204094337e-2                 
-1.4495653123549652054209e-1                 -7.5857042598350934011315e-2                 2.63898876778283771449271e-1                 6.95313351987459559242821e-3                 
-1.9332857871828743045019e-3                 -4.5619767236220204094337e-2                 6.95313351987459559242821e-3                 6.85907179751700581629639e-2                 
----------------------------------------------------------------
BSplines V Matrix : 
-1.2931928109756238552789e0                  -5.3715142110716562116812e-1                 -3.0671421689470270557766e-2                 -1.3505171901859010292634e-4                 
-5.3715142110716562116812e-1                 -1.2543026018598115595643e0                  -5.1010640966746108221336e-1                 -3.1324002546820152273337e-2                 
-3.0671421689470270557766e-2                 -5.1010640966746108221336e-1                 -1.2207863371859495162905e0                  -4.3746415564545534483827e-1                 
-1.3505171901859010292634e-4                 -3.1324002546820152273337e-2                 -4.3746415564545534483827e-1                 -4.2318433380148372753245e-1                 
----------------------------------------------------------------
BSplines Wdiag Matrix : 
-1.3028471958390717457430e2                  -4.6093837003784992420816e0                  1.25837917159807923585044e0                  1.22501051792462141145177e-2                 
-4.6093837003784992420816e0                  -1.1551958363606610686577e1                  -2.2558058010444999955944e-1                 1.25642960494990909805843e-1                 
1.25837917159807923585044e0                  -2.2558058010444999955944e-1                 -1.1293769094164119418194e0                  -5.3447205332167873347040e-2                 
1.22501051792462141145177e-2                 1.25642960494990909805843e-1                 -5.3447205332167873347040e-2                 -9.2822762766508996608356e-2                 
