Number of BSplines:   40
Order of BSplines:    8
 and number of knots:   48
Knots: 
0.000000000000000000e0                  0.000000000000000000e0                  0.000000000000000000e0                  0.000000000000000000e0                  0.000000000000000000e0                  0.000000000000000000e0                  0.000000000000000000e0                  0.000000000000000000e0                  2.001614897563510615e-3                 2.004285493993611799e-3                 2.008701926003679858e-3                 2.016005489911617373e-3                 2.028083575940276853e-3                 2.048057408435554495e-3                 2.081088634045535362e-3                 2.135713196735515494e-3                 2.226047200211606850e-3                 2.375434797698320083e-3                 2.622480798363604272e-3                 3.031026939218033998e-3                 3.706649895094940576e-3                 4.823944449764331831e-3                 6.671642357354838247e-3                 9.727226530254113170e-3                 1.478032238500233230e-2                 2.313675319248555246e-2                 3.695599150648624393e-2                 5.980921101835355947e-2                 9.760215084546875537e-2                 1.601012792520485414e-1                 2.634576487075842588e-1                 4.343806580259759657e-1                 7.170403070476386004e-1                 1.184481627579387878e0                  1.957501012895754460e0                  3.235862475239574306e0                  5.349920750423723970e0                  8.845991715110363818e0                  1.462753157784678907e1                  2.418860843299191436e1                  4.000000000000000000e1                  4.000000000000000000e1                  4.000000000000000000e1                  4.000000000000000000e1                  4.000000000000000000e1                  4.000000000000000000e1                  4.000000000000000000e1                  4.000000000000000000e1                  
----------------------------------------------------------------
BSplines Overlaps Matrix : 
5.910963462342518980e-5                 4.934560423165088909e-5                 3.288683314835508659e-5                 1.716316820097519854e-5                 6.409457373227223516e-6                 1.302321098860687148e-6                 3.032968234524953090e-26                7.458174451730182182e-31                0.000000000000000000e0                  0.000000000000000000e0                  0.000000000000000000e0                  0.000000000000000000e0                  0.000000000000000000e0                  0.000000000000000000e0                  0.000000000000000000e0                  0.000000000000000000e0                  0.000000000000000000e0                  0.000000000000000000e0                  0.000000000000000000e0                  0.000000000000000000e0                  0.000000000000000000e0                  0.000000000000000000e0                  0.000000000000000000e0                  0.000000000000000000e0                  0.000000000000000000e0                  0.000000000000000000e0                  0.000000000000000000e0                  0.000000000000000000e0                  0.000000000000000000e0                  0.000000000000000000e0                  0.000000000000000000e0                  0.000000000000000000e0                  0.000000000000000000e0                  0.000000000000000000e0                  0.000000000000000000e0                  0.000000000000000000e0                  
4.934560423165088909e-5                 5.505320112748494858e-5                 4.830502851099400924e-5                 3.305223182919776512e-5                 1.625768868286568723e-5                 4.399476123219173306e-6                 5.570093887085670415e-20                8.534518103821620587e-23                2.098670287841069311e-27                0.000000000000000000e0                  0.000000000000000000e0                  0.000000000000000000e0                  0.000000000000000000e0                  0.000000000000000000e0                  0.000000000000000000e0                  0.000000000000000000e0                  0.000000000000000000e0                  0.000000000000000000e0                  0.000000000000000000e0                  0.000000000000000000e0                  0.000000000000000000e0                  0.000000000000000000e0                  0.000000000000000000e0                  0.000000000000000000e0                  0.000000000000000000e0                  0.000000000000000000e0                  0.000000000000000000e0                  0.000000000000000000e0                  0.000000000000000000e0                  0.000000000000000000e0                  0.000000000000000000e0                  0.000000000000000000e0                  0.000000000000000000e0                  0.000000000000000000e0                  0.000000000000000000e0                  0.000000000000000000e0                  
3.288683314835508659e-5                 4.830502851099400924e-5                 5.560066869582239095e-5                 5.022831203123754088e-5                 3.315773005663734281e-5                 1.234609998497613183e-5                 5.012735610198407386e-15                5.153478869550993759e-17                7.897171666096263136e-20                1.941948368954464075e-24                0.000000000000000000e0                  0.000000000000000000e0                  0.000000000000000000e0                  0.000000000000000000e0                  0.000000000000000000e0                  0.000000000000000000e0                  0.000000000000000000e0                  0.000000000000000000e0                  0.000000000000000000e0                  0.000000000000000000e0                  0.000000000000000000e0                  0.000000000000000000e0                  0.000000000000000000e0                  0.000000000000000000e0                  0.000000000000000000e0                  0.000000000000000000e0                  0.000000000000000000e0                  0.000000000000000000e0                  0.000000000000000000e0                  0.000000000000000000e0                  0.000000000000000000e0                  0.000000000000000000e0                  0.000000000000000000e0                  0.000000000000000000e0                  0.000000000000000000e0                  0.000000000000000000e0                  
1.716316820097519854e-5                 3.305223182919776512e-5                 5.022831203123754088e-5                 6.104781823824708819e-5                 5.609271060251443348e-5                 3.056181934217191780e-5                 4.187859923374586663e-11                1.603119258754928792e-12                1.650132908894400584e-14                2.529186396829399404e-17                6.219398991435791994e-22                0.000000000000000000e0                  0.000000000000000000e0                  0.000000000000000000e0                  0.000000000000000000e0                  0.000000000000000000e0                  0.000000000000000000e0                  0.000000000000000000e0                  0.000000000000000000e0                  0.000000000000000000e0                  0.000000000000000000e0                  0.000000000000000000e0                  0.000000000000000000e0                  0.000000000000000000e0                  0.000000000000000000e0                  0.000000000000000000e0                  0.000000000000000000e0                  0.000000000000000000e0                  0.000000000000000000e0                  0.000000000000000000e0                  0.000000000000000000e0                  0.000000000000000000e0                  0.000000000000000000e0                  0.000000000000000000e0                  0.000000000000000000e0                  0.000000000000000000e0                  
6.409457373227223516e-6                 1.625768868286568723e-5                 3.315773005663734281e-5                 5.609271060251443348e-5                 7.662993260381863286e-5                 6.939133175528635306e-5                 4.300353386683114672e-8                 4.761302651829536825e-9                 1.834426083647941450e-10                1.892022398376653733e-12                2.900936935110108007e-15                7.133592814609688239e-20                0.000000000000000000e0                  0.000000000000000000e0                  0.000000000000000000e0                  0.000000000000000000e0                  0.000000000000000000e0                  0.000000000000000000e0                  0.000000000000000000e0                  0.000000000000000000e0                  0.000000000000000000e0                  0.000000000000000000e0                  0.000000000000000000e0                  0.000000000000000000e0                  0.000000000000000000e0                  0.000000000000000000e0                  0.000000000000000000e0                  0.000000000000000000e0                  0.000000000000000000e0                  0.000000000000000000e0                  0.000000000000000000e0                  0.000000000000000000e0                  0.000000000000000000e0                  0.000000000000000000e0                  0.000000000000000000e0                  0.000000000000000000e0                  
1.302321098860687148e-6                 4.399476123219173306e-6                 1.234609998497613183e-5                 3.056181934217191780e-5                 6.939133175528635306e-5                 1.405552609672807368e-4                 6.128371530562783969e-6                 1.749971422199175686e-6                 1.991824620986121672e-7                 7.755770205453387711e-9                 8.025506042495519385e-11                1.231198826950971143e-13                3.027625773472295410e-18                0.000000000000000000e0                  0.000000000000000000e0                  0.000000000000000000e0                  0.000000000000000000e0                  0.000000000000000000e0                  0.000000000000000000e0                  0.000000000000000000e0                  0.000000000000000000e0                  0.000000000000000000e0                  0.000000000000000000e0                  0.000000000000000000e0                  0.000000000000000000e0                  0.000000000000000000e0                  0.000000000000000000e0                  0.000000000000000000e0                  0.000000000000000000e0                  0.000000000000000000e0                  0.000000000000000000e0                  0.000000000000000000e0                  0.000000000000000000e0                  0.000000000000000000e0                  0.000000000000000000e0                  0.000000000000000000e0                  
3.032968234524953090e-26                5.570093887085670415e-20                5.012735610198407386e-15                4.187859923374586663e-11                4.300353386683114672e-8                 6.128371530562783969e-6                 1.039422649741013173e-5                 8.451091999610544287e-6                 2.702482058550620771e-6                 3.219387404744139971e-7                 1.274878184109918677e-8                 1.326014750574191953e-10                2.036035150670608386e-13                5.006860351402285866e-18                0.000000000000000000e0                  0.000000000000000000e0                  0.000000000000000000e0                  0.000000000000000000e0                  0.000000000000000000e0                  0.000000000000000000e0                  0.000000000000000000e0                  0.000000000000000000e0                  0.000000000000000000e0                  0.000000000000000000e0                  0.000000000000000000e0                  0.000000000000000000e0                  0.000000000000000000e0                  0.000000000000000000e0                  0.000000000000000000e0                  0.000000000000000000e0                  0.000000000000000000e0                  0.000000000000000000e0                  0.000000000000000000e0                  0.000000000000000000e0                  0.000000000000000000e0                  0.000000000000000000e0                  
7.458174451730182182e-31                8.534518103821620587e-23                5.153478869550993759e-17                1.603119258754928792e-12                4.761302651829536825e-9                 1.749971422199175686e-6                 8.451091999610544287e-6                 1.718919193691890490e-5                 1.397578189142413502e-5                 4.469162070124301742e-6                 5.323981349957561553e-7                 2.108297890979789895e-8                 2.192863707990648586e-10                3.367042175183587257e-13                8.279970000946887063e-18                0.000000000000000000e0                  0.000000000000000000e0                  0.000000000000000000e0                  0.000000000000000000e0                  0.000000000000000000e0                  0.000000000000000000e0                  0.000000000000000000e0                  0.000000000000000000e0                  0.000000000000000000e0                  0.000000000000000000e0                  0.000000000000000000e0                  0.000000000000000000e0                  0.000000000000000000e0                  0.000000000000000000e0                  0.000000000000000000e0                  0.000000000000000000e0                  0.000000000000000000e0                  0.000000000000000000e0                  0.000000000000000000e0                  0.000000000000000000e0                  0.000000000000000000e0                  
0.000000000000000000e0                  2.098670287841069311e-27                7.897171666096263136e-20                1.650132908894400584e-14                1.834426083647941450e-10                1.991824620986121672e-7                 2.702482058550620771e-6                 1.397578189142413502e-5                 2.842619597695489862e-5                 2.311209953526241486e-5                 7.390764925096211492e-6                 8.804400915816042889e-7                 3.486544873472078833e-8                 3.626393476950577328e-10                5.568161731260369816e-13                1.369279316875278589e-17                0.000000000000000000e0                  0.000000000000000000e0                  0.000000000000000000e0                  0.000000000000000000e0                  0.000000000000000000e0                  0.000000000000000000e0                  0.000000000000000000e0                  0.000000000000000000e0                  0.000000000000000000e0                  0.000000000000000000e0                  0.000000000000000000e0                  0.000000000000000000e0                  0.000000000000000000e0                  0.000000000000000000e0                  0.000000000000000000e0                  0.000000000000000000e0                  0.000000000000000000e0                  0.000000000000000000e0                  0.000000000000000000e0                  0.000000000000000000e0                  
0.000000000000000000e0                  0.000000000000000000e0                  1.941948368954464075e-24                2.529186396829399404e-17                1.892022398376653733e-12                7.755770205453387711e-9                 3.219387404744139971e-7                 4.469162070124301742e-6                 2.311209953526241486e-5                 4.700911018305182775e-5                 3.822105618689253802e-5                 1.222229252843210414e-5                 1.456005766944324119e-6                 5.765786327796958055e-8                 5.997057455850684536e-10                9.208208110366769965e-13                2.264411401741812357e-17                0.000000000000000000e0                  0.000000000000000000e0                  0.000000000000000000e0                  0.000000000000000000e0                  0.000000000000000000e0                  0.000000000000000000e0                  0.000000000000000000e0                  0.000000000000000000e0                  0.000000000000000000e0                  0.000000000000000000e0                  0.000000000000000000e0                  0.000000000000000000e0                  0.000000000000000000e0                  0.000000000000000000e0                  0.000000000000000000e0                  0.000000000000000000e0                  0.000000000000000000e0                  0.000000000000000000e0                  0.000000000000000000e0                  
0.000000000000000000e0                  0.000000000000000000e0                  0.000000000000000000e0                  6.219398991435791994e-22                2.900936935110108007e-15                8.025506042495519385e-11                1.274878184109918677e-8                 5.323981349957561553e-7                 7.390764925096211492e-6                 3.822105618689253802e-5                 7.774013948239280564e-5                 6.320711512222248969e-5                 2.021231038526402336e-5                 2.407833098066775136e-6                 9.535024840997951282e-8                 9.917483681063998792e-10                1.522784371147058005e-12                3.744713684889001718e-17                0.000000000000000000e0                  0.000000000000000000e0                  0.000000000000000000e0                  0.000000000000000000e0                  0.000000000000000000e0                  0.000000000000000000e0                  0.000000000000000000e0                  0.000000000000000000e0                  0.000000000000000000e0                  0.000000000000000000e0                  0.000000000000000000e0                  0.000000000000000000e0                  0.000000000000000000e0                  0.000000000000000000e0                  0.000000000000000000e0                  0.000000000000000000e0                  0.000000000000000000e0                  0.000000000000000000e0                  
0.000000000000000000e0                  0.000000000000000000e0                  0.000000000000000000e0                  0.000000000000000000e0                  7.133592814609688239e-20                1.231198826950971143e-13                1.326014750574191953e-10                2.108297890979789895e-8                 8.804400915816042889e-7                 1.222229252843210414e-5                 6.320711512222248969e-5                 1.285608100899718692e-4                 1.045271847679597362e-4                 3.342560245223158278e-5                 3.981893725814850985e-6                 1.576830870060810103e-7                 1.640079043568523305e-9                 2.518266543519050039e-12                6.192726538564678681e-17                0.000000000000000000e0                  0.000000000000000000e0                  0.000000000000000000e0                  0.000000000000000000e0                  0.000000000000000000e0                  0.000000000000000000e0                  0.000000000000000000e0                  0.000000000000000000e0                  0.000000000000000000e0                  0.000000000000000000e0                  0.000000000000000000e0                  0.000000000000000000e0                  0.000000000000000000e0                  0.000000000000000000e0                  0.000000000000000000e0                  0.000000000000000000e0                  0.000000000000000000e0                  
0.000000000000000000e0                  0.000000000000000000e0                  0.000000000000000000e0                  0.000000000000000000e0                  0.000000000000000000e0                  3.027625773472295410e-18                2.036035150670608386e-13                2.192863707990648586e-10                3.486544873472078833e-8                 1.456005766944324119e-6                 2.021231038526402336e-5                 1.045271847679597362e-4                 2.126042222336528818e-4                 1.728592158396710587e-4                 5.527675352290191174e-5                 6.584957095412418105e-6                 2.607644588492232149e-7                 2.712239672537641315e-9                 4.164520272447002610e-12                1.024106652965112006e-16                0.000000000000000000e0                  0.000000000000000000e0                  0.000000000000000000e0                  0.000000000000000000e0                  0.000000000000000000e0                  0.000000000000000000e0                  0.000000000000000000e0                  0.000000000000000000e0                  0.000000000000000000e0                  0.000000000000000000e0                  0.000000000000000000e0                  0.000000000000000000e0                  0.000000000000000000e0                  0.000000000000000000e0                  0.000000000000000000e0                  0.000000000000000000e0                  
0.000000000000000000e0                  0.000000000000000000e0                  0.000000000000000000e0                  0.000000000000000000e0                  0.000000000000000000e0                  0.000000000000000000e0                  5.006860351402285866e-18                3.367042175183587257e-13                3.626393476950577328e-10                5.765786327796958055e-8                 2.407833098066775136e-6                 3.342560245223158278e-5                 1.728592158396710587e-4                 3.515889117371254179e-4                 2.858616020993714449e-4                 9.141254774385238472e-5                 1.088970799680216498e-5                 4.312326977484014944e-7                 4.485298480054473250e-9                 6.886971176365811008e-12                1.693590747332578075e-16                0.000000000000000000e0                  0.000000000000000000e0                  0.000000000000000000e0                  0.000000000000000000e0                  0.000000000000000000e0                  0.000000000000000000e0                  0.000000000000000000e0                  0.000000000000000000e0                  0.000000000000000000e0                  0.000000000000000000e0                  0.000000000000000000e0                  0.000000000000000000e0                  0.000000000000000000e0                  0.000000000000000000e0                  0.000000000000000000e0                  
0.000000000000000000e0                  0.000000000000000000e0                  0.000000000000000000e0                  0.000000000000000000e0                  0.000000000000000000e0                  0.000000000000000000e0                  0.000000000000000000e0                  8.279970000946887063e-18                5.568161731260369816e-13                5.997057455850684536e-10                9.535024840997951282e-8                 3.981893725814850985e-6                 5.527675352290191174e-5                 2.858616020993714449e-4                 5.814313636755673354e-4                 4.727364702996958093e-4                 1.511712130771207816e-4                 1.800858206627236277e-5                 7.131402815706921099e-7                 7.417450109177165793e-9                 1.138915622476347983e-11                2.800733313416168460e-16                0.000000000000000000e0                  0.000000000000000000e0                  0.000000000000000000e0                  0.000000000000000000e0                  0.000000000000000000e0                  0.000000000000000000e0                  0.000000000000000000e0                  0.000000000000000000e0                  0.000000000000000000e0                  0.000000000000000000e0                  0.000000000000000000e0                  0.000000000000000000e0                  0.000000000000000000e0                  0.000000000000000000e0                  
0.000000000000000000e0                  0.000000000000000000e0                  0.000000000000000000e0                  0.000000000000000000e0                  0.000000000000000000e0                  0.000000000000000000e0                  0.000000000000000000e0                  0.000000000000000000e0                  1.369279316875278589e-17                9.208208110366769965e-13                9.917483681063998792e-10                1.576830870060810103e-7                 6.584957095412418105e-6                 9.141254774385238472e-5                 4.727364702996958093e-4                 9.615275663710094472e-4                 7.817761067249911960e-4                 2.499956103099109830e-4                 2.978124189674342612e-5                 1.179337893100688937e-6                 1.226642248376392486e-8                 1.883453207372315001e-11                4.631642623953664599e-16                0.000000000000000000e0                  0.000000000000000000e0                  0.000000000000000000e0                  0.000000000000000000e0                  0.000000000000000000e0                  0.000000000000000000e0                  0.000000000000000000e0                  0.000000000000000000e0                  0.000000000000000000e0                  0.000000000000000000e0                  0.000000000000000000e0                  0.000000000000000000e0                  0.000000000000000000e0                  
0.000000000000000000e0                  0.000000000000000000e0                  0.000000000000000000e0                  0.000000000000000000e0                  0.000000000000000000e0                  0.000000000000000000e0                  0.000000000000000000e0                  0.000000000000000000e0                  0.000000000000000000e0                  2.264411401741812357e-17                1.522784371147058005e-12                1.640079043568523305e-9                 2.607644588492232149e-7                 1.088970799680216498e-5                 1.511712130771207816e-4                 7.817761067249911960e-4                 1.590102149025516028e-3                 1.292842671221505914e-3                 4.134239839852399002e-4                 4.924998346057636358e-5                 1.950300525781337662e-6                 2.028528919446693322e-8                 3.114713605076332047e-11                7.659463074639681121e-16                0.000000000000000000e0                  0.000000000000000000e0                  0.000000000000000000e0                  0.000000000000000000e0                  0.000000000000000000e0                  0.000000000000000000e0                  0.000000000000000000e0                  0.000000000000000000e0                  0.000000000000000000e0                  0.000000000000000000e0                  0.000000000000000000e0                  0.000000000000000000e0                  
0.000000000000000000e0                  0.000000000000000000e0                  0.000000000000000000e0                  0.000000000000000000e0                  0.000000000000000000e0                  0.000000000000000000e0                  0.000000000000000000e0                  0.000000000000000000e0                  0.000000000000000000e0                  0.000000000000000000e0                  3.744713684889001718e-17                2.518266543519050039e-12                2.712239672537641315e-9                 4.312326977484014944e-7                 1.800858206627236277e-5                 2.499956103099109830e-4                 1.292842671221505914e-3                 2.629591633943816691e-3                 2.138006211948773933e-3                 6.836895668781743478e-4                 8.144592758343902527e-5                 3.225260684927567286e-6                 3.354628933153223728e-8                 5.150879673396553454e-11                1.266664536861203034e-15                0.000000000000000000e0                  0.000000000000000000e0                  0.000000000000000000e0                  0.000000000000000000e0                  0.000000000000000000e0                  0.000000000000000000e0                  0.000000000000000000e0                  0.000000000000000000e0                  0.000000000000000000e0                  0.000000000000000000e0                  0.000000000000000000e0                  
0.000000000000000000e0                  0.000000000000000000e0                  0.000000000000000000e0                  0.000000000000000000e0                  0.000000000000000000e0                  0.000000000000000000e0                  0.000000000000000000e0                  0.000000000000000000e0                  0.000000000000000000e0                  0.000000000000000000e0                  0.000000000000000000e0                  6.192726538564678681e-17                4.164520272447002610e-12                4.485298480054473250e-9                 7.131402815706921099e-7                 2.978124189674342612e-5                 4.134239839852399002e-4                 2.138006211948773933e-3                 4.348621354637482534e-3                 3.535674265773343184e-3                 1.130634510732096066e-3                 1.346891644184353993e-4                 5.333694140072091888e-6                 5.547633642915122321e-8                 8.518138350366751694e-11                2.094714777402700001e-15                0.000000000000000000e0                  0.000000000000000000e0                  0.000000000000000000e0                  0.000000000000000000e0                  0.000000000000000000e0                  0.000000000000000000e0                  0.000000000000000000e0                  0.000000000000000000e0                  0.000000000000000000e0                  0.000000000000000000e0                  
0.000000000000000000e0                  0.000000000000000000e0                  0.000000000000000000e0                  0.000000000000000000e0                  0.000000000000000000e0                  0.000000000000000000e0                  0.000000000000000000e0                  0.000000000000000000e0                  0.000000000000000000e0                  0.000000000000000000e0                  0.000000000000000000e0                  0.000000000000000000e0                  1.024106652965112006e-16                6.886971176365811008e-12                7.417450109177165793e-9                 1.179337893100688937e-6                 4.924998346057636358e-5                 6.836895668781743478e-4                 3.535674265773343184e-3                 7.191423733596032432e-3                 5.847032830768683430e-3                 1.869758526074145588e-3                 2.227388348318731239e-4                 8.820463199388877259e-6                 9.174260298016095525e-8                 1.408665811603840448e-10                3.464082139334455140e-15                0.000000000000000000e0                  0.000000000000000000e0                  0.000000000000000000e0                  0.000000000000000000e0                  0.000000000000000000e0                  0.000000000000000000e0                  0.000000000000000000e0                  0.000000000000000000e0                  0.000000000000000000e0                  
0.000000000000000000e0                  0.000000000000000000e0                  0.000000000000000000e0                  0.000000000000000000e0                  0.000000000000000000e0                  0.000000000000000000e0                  0.000000000000000000e0                  0.000000000000000000e0                  0.000000000000000000e0                  0.000000000000000000e0                  0.000000000000000000e0                  0.000000000000000000e0                  0.000000000000000000e0                  1.693590747332578075e-16                1.138915622476347983e-11                1.226642248376392486e-8                 1.950300525781337662e-6                 8.144592758343902527e-5                 1.130634510732096066e-3                 5.847032830768683430e-3                 1.189263702184058917e-2                 9.669384211955704870e-3                 3.092066368612144822e-3                 3.683487736855378345e-4                 1.458662026891588720e-5                 1.517170336639731796e-7                 2.329545831685241437e-10                5.728639143384938505e-15                0.000000000000000000e0                  0.000000000000000000e0                  0.000000000000000000e0                  0.000000000000000000e0                  0.000000000000000000e0                  0.000000000000000000e0                  0.000000000000000000e0                  0.000000000000000000e0                  
0.000000000000000000e0                  0.000000000000000000e0                  0.000000000000000000e0                  0.000000000000000000e0                  0.000000000000000000e0                  0.000000000000000000e0                  0.000000000000000000e0                  0.000000000000000000e0                  0.000000000000000000e0                  0.000000000000000000e0                  0.000000000000000000e0                  0.000000000000000000e0                  0.000000000000000000e0                  0.000000000000000000e0                  2.800733313416168460e-16                1.883453207372315001e-11                2.028528919446693322e-8                 3.225260684927567286e-6                 1.346891644184353993e-4                 1.869758526074145588e-3                 9.669384211955704870e-3                 1.966715084142729078e-2                 1.599050214775801313e-2                 5.113427372879463569e-3                 6.091475659287418253e-4                 2.412225821477147027e-5                 2.508982474453308526e-7                 3.852428118308204832e-10                9.473593614447959817e-15                0.000000000000000000e0                  0.000000000000000000e0                  0.000000000000000000e0                  0.000000000000000000e0                  0.000000000000000000e0                  0.000000000000000000e0                  0.000000000000000000e0                  
0.000000000000000000e0                  0.000000000000000000e0                  0.000000000000000000e0                  0.000000000000000000e0                  0.000000000000000000e0                  0.000000000000000000e0                  0.000000000000000000e0                  0.000000000000000000e0                  0.000000000000000000e0                  0.000000000000000000e0                  0.000000000000000000e0                  0.000000000000000000e0                  0.000000000000000000e0                  0.000000000000000000e0                  0.000000000000000000e0                  4.631642623953664599e-16                3.114713605076332047e-11                3.354628933153223728e-8                 5.333694140072091888e-6                 2.227388348318731239e-4                 3.092066368612144822e-3                 1.599050214775801313e-2                 3.252405850015514573e-2                 2.644389273737806938e-2                 8.456202545694048943e-3                 1.007362542202158314e-3                 3.989158082219388942e-5                 4.149166975579130310e-7                 6.370856587095032312e-10                1.566671834712184041e-14                0.000000000000000000e0                  0.000000000000000000e0                  0.000000000000000000e0                  0.000000000000000000e0                  0.000000000000000000e0                  0.000000000000000000e0                  
0.000000000000000000e0                  0.000000000000000000e0                  0.000000000000000000e0                  0.000000000000000000e0                  0.000000000000000000e0                  0.000000000000000000e0                  0.000000000000000000e0                  0.000000000000000000e0                  0.000000000000000000e0                  0.000000000000000000e0                  0.000000000000000000e0                  0.000000000000000000e0                  0.000000000000000000e0                  0.000000000000000000e0                  0.000000000000000000e0                  0.000000000000000000e0                  7.659463074639681121e-16                5.150879673396553454e-11                5.547633642915122321e-8                 8.820463199388877259e-6                 3.683487736855378345e-4                 5.113427372879463569e-3                 2.644389273737806938e-2                 5.378584777482421257e-2                 4.373092581110723687e-2                 1.398423332910963464e-2                 1.665900593208155781e-3                 6.596970343013564932e-5                 6.861581045912899490e-7                 1.053564463940116700e-9                 2.590844338031556920e-14                0.000000000000000000e0                  0.000000000000000000e0                  0.000000000000000000e0                  0.000000000000000000e0                  0.000000000000000000e0                  
0.000000000000000000e0                  0.000000000000000000e0                  0.000000000000000000e0                  0.000000000000000000e0                  0.000000000000000000e0                  0.000000000000000000e0                  0.000000000000000000e0                  0.000000000000000000e0                  0.000000000000000000e0                  0.000000000000000000e0                  0.000000000000000000e0                  0.000000000000000000e0                  0.000000000000000000e0                  0.000000000000000000e0                  0.000000000000000000e0                  0.000000000000000000e0                  0.000000000000000000e0                  1.266664536861203034e-15                8.518138350366751694e-11                9.174260298016095525e-8                 1.458662026891588720e-5                 6.091475659287418253e-4                 8.456202545694048943e-3                 4.373092581110723687e-2                 8.894699967541759745e-2                 7.231892411942147156e-2                 2.312607588882322668e-2                 2.754941414026044872e-3                 1.090957460437063535e-4                 1.134716793195811813e-6                 1.742305865000737188e-9                 4.284543983739476949e-14                0.000000000000000000e0                  0.000000000000000000e0                  0.000000000000000000e0                  0.000000000000000000e0                  
0.000000000000000000e0                  0.000000000000000000e0                  0.000000000000000000e0                  0.000000000000000000e0                  0.000000000000000000e0                  0.000000000000000000e0                  0.000000000000000000e0                  0.000000000000000000e0                  0.000000000000000000e0                  0.000000000000000000e0                  0.000000000000000000e0                  0.000000000000000000e0                  0.000000000000000000e0                  0.000000000000000000e0                  0.000000000000000000e0                  0.000000000000000000e0                  0.000000000000000000e0                  0.000000000000000000e0                  2.094714777402700001e-15                1.408665811603840448e-10                1.517170336639731796e-7                 2.412225821477147027e-5                 1.007362542202158314e-3                 1.398423332910963464e-2                 7.231892411942147156e-2                 1.470938746634749951e-1                 1.195956108585806314e-1                 3.824416923181174332e-2                 4.555915416357309296e-3                 1.804143597134312204e-4                 1.876509498532462931e-6                 2.881246019714603377e-9                 1.195549405702115288e-13                0.000000000000000000e0                  0.000000000000000000e0                  0.000000000000000000e0                  
