Number of BSplines:   40
Order of BSplines:    7
 and number of knots:   47
Knots: 
0.00000000000000000000000e0                  0.00000000000000000000000e0                  0.00000000000000000000000e0                  0.00000000000000000000000e0                  0.00000000000000000000000e0                  0.00000000000000000000000e0                  0.00000000000000000000000e0                  1.00000000000000000000000e-4                 1.47828916461892936133598e-4                 2.18533885422973203267191e-4                 3.23056274922855881187368e-4                 4.77570590780611799006541e-4                 7.05987429691639184506605e-4                 1.04365356767031841682419e-3                 1.54282176070292027611503e-3                 2.28073669178542575434385e-3                 3.37158833881521760979532e-3                 4.98418250882607180809314e-3                 7.36806299728077321155965e-3                 1.08921276931098390293803e-2                 1.61017143483700501356036e-2                 2.38029898529845899556506e-2                 3.51877019852014416980160e-2                 5.20175985725632815359363e-2                 7.68970523393173858616038e-2                 1.13676079264347586169009e-1                 1.68046116252847591301462e-1                 2.48420752812877553771819e-1                 3.67237707149754305280784e-1                 5.42883523318981314303618e-1                 8.02538830172597944821159e-1                 1.18638445683010263716384e0                  1.75381928760425469169191e0                  2.59265204956505948259994e0                  3.83268943249908682334665e0                  5.66582325941287351350434e0                  8.37572513303595628850701e0                  1.23817437099934948109932e1                  1.83037975655719666162335e1                  2.70583056125633754482303e1                  4.00000000000000000000000e1                  4.00000000000000000000000e1                  4.00000000000000000000000e1                  4.00000000000000000000000e1                  4.00000000000000000000000e1                  4.00000000000000000000000e1                  4.00000000000000000000000e1                  
----------------------------------------------------------------
Matrix H : 
1.93957676512805665693485e3                  8.87575909629679823577864e2                  -8.5622366581667647295515e2                  -4.2950644965868238447505e2                  -4.0182960177849572433284e1                  -9.2702770626516914343358e-2                 -3.1798952018421161301021e-5                 0.00000000000000000000000e0                  0.00000000000000000000000e0                  0.00000000000000000000000e0                  0.00000000000000000000000e0                  0.00000000000000000000000e0                  0.00000000000000000000000e0                  0.00000000000000000000000e0                  0.00000000000000000000000e0                  0.00000000000000000000000e0                  0.00000000000000000000000e0                  0.00000000000000000000000e0                  0.00000000000000000000000e0                  0.00000000000000000000000e0                  0.00000000000000000000000e0                  0.00000000000000000000000e0                  0.00000000000000000000000e0                  0.00000000000000000000000e0                  0.00000000000000000000000e0                  0.00000000000000000000000e0                  0.00000000000000000000000e0                  0.00000000000000000000000e0                  0.00000000000000000000000e0                  0.00000000000000000000000e0                  0.00000000000000000000000e0                  0.00000000000000000000000e0                  0.00000000000000000000000e0                  0.00000000000000000000000e0                  0.00000000000000000000000e0                  0.00000000000000000000000e0                  7.76468718639017941081206e7                  1.39999543205268920653082e8                  5.70983981555614391169489e6                  -1.5145958894902784716797e7                  -2.0064896987812936809015e6                  -7.8326413195265844369687e3                  -4.2343059822515673602507e0                  0.00000000000000000000000e0                  0.00000000000000000000000e0                  0.00000000000000000000000e0                  0.00000000000000000000000e0                  0.00000000000000000000000e0                  0.00000000000000000000000e0                  0.00000000000000000000000e0                  0.00000000000000000000000e0                  0.00000000000000000000000e0                  0.00000000000000000000000e0                  0.00000000000000000000000e0                  0.00000000000000000000000e0                  0.00000000000000000000000e0                  0.00000000000000000000000e0                  0.00000000000000000000000e0                  0.00000000000000000000000e0                  0.00000000000000000000000e0                  0.00000000000000000000000e0                  0.00000000000000000000000e0                  0.00000000000000000000000e0                  0.00000000000000000000000e0                  0.00000000000000000000000e0                  0.00000000000000000000000e0                  0.00000000000000000000000e0                  0.00000000000000000000000e0                  0.00000000000000000000000e0                  0.00000000000000000000000e0                  0.00000000000000000000000e0                  0.00000000000000000000000e0                  
8.87575909629679823577864e2                  2.62205568189925529204518e3                  5.78116511397248586349024e2                  -1.0097284692427864016006e3                  -3.3084708102553392737835e2                  -1.1259693305683454150855e1                  -9.9404073723048736135722e-2                 -3.3588875100362390508000e-5                 0.00000000000000000000000e0                  0.00000000000000000000000e0                  0.00000000000000000000000e0                  0.00000000000000000000000e0                  0.00000000000000000000000e0                  0.00000000000000000000000e0                  0.00000000000000000000000e0                  0.00000000000000000000000e0                  0.00000000000000000000000e0                  0.00000000000000000000000e0                  0.00000000000000000000000e0                  0.00000000000000000000000e0                  0.00000000000000000000000e0                  0.00000000000000000000000e0                  0.00000000000000000000000e0                  0.00000000000000000000000e0                  0.00000000000000000000000e0                  0.00000000000000000000000e0                  0.00000000000000000000000e0                  0.00000000000000000000000e0                  0.00000000000000000000000e0                  0.00000000000000000000000e0                  0.00000000000000000000000e0                  0.00000000000000000000000e0                  0.00000000000000000000000e0                  0.00000000000000000000000e0                  0.00000000000000000000000e0                  0.00000000000000000000000e0                  -1.2429878988234885513155e8                  3.00200318066083749497403e7                  6.54924680803192879583013e7                  -2.4533466941128836026707e6                  -7.8149880551721133643810e6                  -4.4836835256558771277570e5                  -5.1882195505828409096691e3                  -2.8062553521116882324829e0                  0.00000000000000000000000e0                  0.00000000000000000000000e0                  0.00000000000000000000000e0                  0.00000000000000000000000e0                  0.00000000000000000000000e0                  0.00000000000000000000000e0                  0.00000000000000000000000e0                  0.00000000000000000000000e0                  0.00000000000000000000000e0                  0.00000000000000000000000e0                  0.00000000000000000000000e0                  0.00000000000000000000000e0                  0.00000000000000000000000e0                  0.00000000000000000000000e0                  0.00000000000000000000000e0                  0.00000000000000000000000e0                  0.00000000000000000000000e0                  0.00000000000000000000000e0                  0.00000000000000000000000e0                  0.00000000000000000000000e0                  0.00000000000000000000000e0                  0.00000000000000000000000e0                  0.00000000000000000000000e0                  0.00000000000000000000000e0                  0.00000000000000000000000e0                  0.00000000000000000000000e0                  0.00000000000000000000000e0                  0.00000000000000000000000e0                  
-8.5622366581667647295515e2                  5.78116511397248586349024e2                  2.54296339234419706131942e3                  3.54442137246650519032810e2                  -9.3724017067789340880181e2                  -2.0330677193301221879261e2                  -1.0264084895124292948581e1                  -9.0015713119095524381065e-2                 -3.0148353461160902195579e-5                 0.00000000000000000000000e0                  0.00000000000000000000000e0                  0.00000000000000000000000e0                  0.00000000000000000000000e0                  0.00000000000000000000000e0                  0.00000000000000000000000e0                  0.00000000000000000000000e0                  0.00000000000000000000000e0                  0.00000000000000000000000e0                  0.00000000000000000000000e0                  0.00000000000000000000000e0                  0.00000000000000000000000e0                  0.00000000000000000000000e0                  0.00000000000000000000000e0                  0.00000000000000000000000e0                  0.00000000000000000000000e0                  0.00000000000000000000000e0                  0.00000000000000000000000e0                  0.00000000000000000000000e0                  0.00000000000000000000000e0                  0.00000000000000000000000e0                  0.00000000000000000000000e0                  0.00000000000000000000000e0                  0.00000000000000000000000e0                  0.00000000000000000000000e0                  0.00000000000000000000000e0                  0.00000000000000000000000e0                  -3.7697975428897864630879e7                  -5.8712413960115954734652e7                  1.47207072605563810853268e7                  3.52758270387271545332390e7                  -3.8863629136201177977323e6                  -3.6821249662613544556300e6                  -2.5747955928276814682230e5                  -3.0017881657177026470905e3                  -1.6242310724415454587200e0                  0.00000000000000000000000e0                  0.00000000000000000000000e0                  0.00000000000000000000000e0                  0.00000000000000000000000e0                  0.00000000000000000000000e0                  0.00000000000000000000000e0                  0.00000000000000000000000e0                  0.00000000000000000000000e0                  0.00000000000000000000000e0                  0.00000000000000000000000e0                  0.00000000000000000000000e0                  0.00000000000000000000000e0                  0.00000000000000000000000e0                  0.00000000000000000000000e0                  0.00000000000000000000000e0                  0.00000000000000000000000e0                  0.00000000000000000000000e0                  0.00000000000000000000000e0                  0.00000000000000000000000e0                  0.00000000000000000000000e0                  0.00000000000000000000000e0                  0.00000000000000000000000e0                  0.00000000000000000000000e0                  0.00000000000000000000000e0                  0.00000000000000000000000e0                  0.00000000000000000000000e0                  0.00000000000000000000000e0                  
-4.2950644965868238447505e2                  -1.0097284692427864016006e3                  3.54442137246650519032810e2                  2.24373610330718397177314e3                  1.90823055909881520482761e2                  -7.3494641240265117037607e2                  -1.6610795108033217733440e2                  -8.4217549453997205820954e0                  -7.3584919478538167444164e-2                 -2.4510640814480052914341e-5                 0.00000000000000000000000e0                  0.00000000000000000000000e0                  0.00000000000000000000000e0                  0.00000000000000000000000e0                  0.00000000000000000000000e0                  0.00000000000000000000000e0                  0.00000000000000000000000e0                  0.00000000000000000000000e0                  0.00000000000000000000000e0                  0.00000000000000000000000e0                  0.00000000000000000000000e0                  0.00000000000000000000000e0                  0.00000000000000000000000e0                  0.00000000000000000000000e0                  0.00000000000000000000000e0                  0.00000000000000000000000e0                  0.00000000000000000000000e0                  0.00000000000000000000000e0                  0.00000000000000000000000e0                  0.00000000000000000000000e0                  0.00000000000000000000000e0                  0.00000000000000000000000e0                  0.00000000000000000000000e0                  0.00000000000000000000000e0                  0.00000000000000000000000e0                  0.00000000000000000000000e0                  4.98264079589552891528427e6                  -1.1991616758893729402028e7                  -3.2878165778878434858420e7                  7.68180954222997750581124e6                  1.91952426113213764081777e7                  -2.9219980894519933795864e6                  -1.9001560011350662386336e6                  -1.3653193473136007644373e5                  -1.5998787220686913443903e3                  -8.6588931414621470175180e-1                 0.00000000000000000000000e0                  0.00000000000000000000000e0                  0.00000000000000000000000e0                  0.00000000000000000000000e0                  0.00000000000000000000000e0                  0.00000000000000000000000e0                  0.00000000000000000000000e0                  0.00000000000000000000000e0                  0.00000000000000000000000e0                  0.00000000000000000000000e0                  0.00000000000000000000000e0                  0.00000000000000000000000e0                  0.00000000000000000000000e0                  0.00000000000000000000000e0                  0.00000000000000000000000e0                  0.00000000000000000000000e0                  0.00000000000000000000000e0                  0.00000000000000000000000e0                  0.00000000000000000000000e0                  0.00000000000000000000000e0                  0.00000000000000000000000e0                  0.00000000000000000000000e0                  0.00000000000000000000000e0                  0.00000000000000000000000e0                  0.00000000000000000000000e0                  0.00000000000000000000000e0                  
-4.0182960177849572433284e1                  -3.3084708102553392737835e2                  -9.3724017067789340880181e2                  1.90823055909881520482761e2                  1.85174749959032976575117e3                  8.25196179890792303444579e1                  -5.4621657892168987855344e2                  -1.2710852638402751331630e2                  -6.4678314898126605697569e0                  -5.6389115980169821680164e-2                 -1.8717463579485542404393e-5                 0.00000000000000000000000e0                  0.00000000000000000000000e0                  0.00000000000000000000000e0                  0.00000000000000000000000e0                  0.00000000000000000000000e0                  0.00000000000000000000000e0                  0.00000000000000000000000e0                  0.00000000000000000000000e0                  0.00000000000000000000000e0                  0.00000000000000000000000e0                  0.00000000000000000000000e0                  0.00000000000000000000000e0                  0.00000000000000000000000e0                  0.00000000000000000000000e0                  0.00000000000000000000000e0                  0.00000000000000000000000e0                  0.00000000000000000000000e0                  0.00000000000000000000000e0                  0.00000000000000000000000e0                  0.00000000000000000000000e0                  0.00000000000000000000000e0                  0.00000000000000000000000e0                  0.00000000000000000000000e0                  0.00000000000000000000000e0                  0.00000000000000000000000e0                  1.27119523187105740331426e6                  4.17091929268592720090861e6                  -3.4230880554843785722646e6                  -1.8496889183969437896925e7                  4.00172095609223138791228e6                  9.50064582065313113341571e6                  -1.1811139058528295593081e6                  -9.4025528696310768550231e5                  -6.8846376062045570582580e4                  -8.0954181615883003194495e2                  -4.3821513050422543904876e-1                 0.00000000000000000000000e0                  0.00000000000000000000000e0                  0.00000000000000000000000e0                  0.00000000000000000000000e0                  0.00000000000000000000000e0                  0.00000000000000000000000e0                  0.00000000000000000000000e0                  0.00000000000000000000000e0                  0.00000000000000000000000e0                  0.00000000000000000000000e0                  0.00000000000000000000000e0                  0.00000000000000000000000e0                  0.00000000000000000000000e0                  0.00000000000000000000000e0                  0.00000000000000000000000e0                  0.00000000000000000000000e0                  0.00000000000000000000000e0                  0.00000000000000000000000e0                  0.00000000000000000000000e0                  0.00000000000000000000000e0                  0.00000000000000000000000e0                  0.00000000000000000000000e0                  0.00000000000000000000000e0                  0.00000000000000000000000e0                  0.00000000000000000000000e0                  
-9.2702770626516914343358e-2                 -1.1259693305683454150855e1                  -2.0330677193301221879261e2                  -7.3494641240265117037607e2                  8.25196179890792303444579e1                  1.26722676609659594880193e3                  1.09431316189489645541837e2                  -3.6685583262392290101628e2                  -8.7228230724050464793762e1                  -4.4510491323725718630536e0                  -3.8754987525340618374072e-2                 -1.2835271456226674252426e-5                 0.00000000000000000000000e0                  0.00000000000000000000000e0                  0.00000000000000000000000e0                  0.00000000000000000000000e0                  0.00000000000000000000000e0                  0.00000000000000000000000e0                  0.00000000000000000000000e0                  0.00000000000000000000000e0                  0.00000000000000000000000e0                  0.00000000000000000000000e0                  0.00000000000000000000000e0                  0.00000000000000000000000e0                  0.00000000000000000000000e0                  0.00000000000000000000000e0                  0.00000000000000000000000e0                  0.00000000000000000000000e0                  0.00000000000000000000000e0                  0.00000000000000000000000e0                  0.00000000000000000000000e0                  0.00000000000000000000000e0                  0.00000000000000000000000e0                  0.00000000000000000000000e0                  0.00000000000000000000000e0                  0.00000000000000000000000e0                  6.81341763660660701258920e3                  3.57590192382892405034965e5                  2.44559697002790175393956e6                  -5.6913618605145290734395e5                  -9.3776617413537556298173e6                  1.78264369211386319301085e6                  4.46061851572430304445131e6                  -4.5037908331043298589330e5                  -4.2365939136331602949520e5                  -3.1426185204974094153857e4                  -3.7040024953342142330454e2                  -2.0052502597300108097121e-1                 0.00000000000000000000000e0                  0.00000000000000000000000e0                  0.00000000000000000000000e0                  0.00000000000000000000000e0                  0.00000000000000000000000e0                  0.00000000000000000000000e0                  0.00000000000000000000000e0                  0.00000000000000000000000e0                  0.00000000000000000000000e0                  0.00000000000000000000000e0                  0.00000000000000000000000e0                  0.00000000000000000000000e0                  0.00000000000000000000000e0                  0.00000000000000000000000e0                  0.00000000000000000000000e0                  0.00000000000000000000000e0                  0.00000000000000000000000e0                  0.00000000000000000000000e0                  0.00000000000000000000000e0                  0.00000000000000000000000e0                  0.00000000000000000000000e0                  0.00000000000000000000000e0                  0.00000000000000000000000e0                  0.00000000000000000000000e0                  
-3.1798952018421161301021e-5                 -9.9404073723048736135722e-2                 -1.0264084895124292948581e1                  -1.6610795108033217733440e2                  -5.4621657892168987855344e2                  1.09431316189489645541837e2                  8.79083623309329380991150e2                  7.61209253637514109035832e1                  -2.5217662862188389343350e2                  -5.9833888776981831178805e1                  -3.0475544434035213837109e0                  -2.6493673469008335227492e-2                 -8.7617171779018234240636e-6                 0.00000000000000000000000e0                  0.00000000000000000000000e0                  0.00000000000000000000000e0                  0.00000000000000000000000e0                  0.00000000000000000000000e0                  0.00000000000000000000000e0                  0.00000000000000000000000e0                  0.00000000000000000000000e0                  0.00000000000000000000000e0                  0.00000000000000000000000e0                  0.00000000000000000000000e0                  0.00000000000000000000000e0                  0.00000000000000000000000e0                  0.00000000000000000000000e0                  0.00000000000000000000000e0                  0.00000000000000000000000e0                  0.00000000000000000000000e0                  0.00000000000000000000000e0                  0.00000000000000000000000e0                  0.00000000000000000000000e0                  0.00000000000000000000000e0                  0.00000000000000000000000e0                  0.00000000000000000000000e0                  3.94583453645470088979289e0                  4.51292768394876999454017e3                  2.05202509975179546637096e5                  1.25370683477962514224622e6                  -4.8443289276395400123300e5                  -4.2447535330824217927602e6                  8.15728731799898787387588e5                  2.04115645822649342887744e6                  -2.0609118921705093066482e5                  -1.9386439340668912498783e5                  -1.4380463306250464481857e4                  -1.6949327964242720028446e2                  -9.1759237056021814054980e-2                 0.00000000000000000000000e0                  0.00000000000000000000000e0                  0.00000000000000000000000e0                  0.00000000000000000000000e0                  0.00000000000000000000000e0                  0.00000000000000000000000e0                  0.00000000000000000000000e0                  0.00000000000000000000000e0                  0.00000000000000000000000e0                  0.00000000000000000000000e0                  0.00000000000000000000000e0                  0.00000000000000000000000e0                  0.00000000000000000000000e0                  0.00000000000000000000000e0                  0.00000000000000000000000e0                  0.00000000000000000000000e0                  0.00000000000000000000000e0                  0.00000000000000000000000e0                  0.00000000000000000000000e0                  0.00000000000000000000000e0                  0.00000000000000000000000e0                  0.00000000000000000000000e0                  0.00000000000000000000000e0                  
0.00000000000000000000000e0                  -3.3588875100362390508000e-5                 -9.0015713119095524381065e-2                 -8.4217549453997205820954e0                  -1.2710852638402751331630e2                  -3.6685583262392290101628e2                  7.61209253637514109035832e1                  6.05816028749640861539858e2                  5.33354294951099946757106e1                  -1.7216443927626077355231e2                  -4.0827397548962969632158e1                  -2.0775348842513407194778e0                  -1.8045225262540233219433e-2                 -5.9627475442851330110609e-6                 0.00000000000000000000000e0                  0.00000000000000000000000e0                  0.00000000000000000000000e0                  0.00000000000000000000000e0                  0.00000000000000000000000e0                  0.00000000000000000000000e0                  0.00000000000000000000000e0                  0.00000000000000000000000e0                  0.00000000000000000000000e0                  0.00000000000000000000000e0                  0.00000000000000000000000e0                  0.00000000000000000000000e0                  0.00000000000000000000000e0                  0.00000000000000000000000e0                  0.00000000000000000000000e0                  0.00000000000000000000000e0                  0.00000000000000000000000e0                  0.00000000000000000000000e0                  0.00000000000000000000000e0                  0.00000000000000000000000e0                  0.00000000000000000000000e0                  0.00000000000000000000000e0                  0.00000000000000000000000e0                  2.61507300910387532518756e0                  2.61101119120171307704344e3                  1.08757991161092495303982e5                  6.17446865802600212611408e5                  -2.8083609202367886094606e5                  -1.9423777346321759067422e6                  3.73273339382152377358086e5                  9.34022865275939699864759e5                  -9.4306285186922209032895e4                  -8.8711365302211060544232e4                  -6.5804272314186061500069e3                  -7.7559266982496688922195e1                  -4.1988562496118826725338e-2                 0.00000000000000000000000e0                  0.00000000000000000000000e0                  0.00000000000000000000000e0                  0.00000000000000000000000e0                  0.00000000000000000000000e0                  0.00000000000000000000000e0                  0.00000000000000000000000e0                  0.00000000000000000000000e0                  0.00000000000000000000000e0                  0.00000000000000000000000e0                  0.00000000000000000000000e0                  0.00000000000000000000000e0                  0.00000000000000000000000e0                  0.00000000000000000000000e0                  0.00000000000000000000000e0                  0.00000000000000000000000e0                  0.00000000000000000000000e0                  0.00000000000000000000000e0                  0.00000000000000000000000e0                  0.00000000000000000000000e0                  0.00000000000000000000000e0                  0.00000000000000000000000e0                  
0.00000000000000000000000e0                  0.00000000000000000000000e0                  -3.0148353461160902195579e-5                 -7.3584919478538167444164e-2                 -6.4678314898126605697569e0                  -8.7228230724050464793762e1                  -2.5217662862188389343350e2                  5.33354294951099946757106e1                  4.16639040869403099023385e2                  3.82452704410776013540318e1                  -1.1679668349597822194485e2                  -2.7739788639344691256563e1                  -1.4115531066792134237517e0                  -1.2257876803919750070349e-2                 -4.0493048030551262601132e-6                 0.00000000000000000000000e0                  0.00000000000000000000000e0                  0.00000000000000000000000e0                  0.00000000000000000000000e0                  0.00000000000000000000000e0                  0.00000000000000000000000e0                  0.00000000000000000000000e0                  0.00000000000000000000000e0                  0.00000000000000000000000e0                  0.00000000000000000000000e0                  0.00000000000000000000000e0                  0.00000000000000000000000e0                  0.00000000000000000000000e0                  0.00000000000000000000000e0                  0.00000000000000000000000e0                  0.00000000000000000000000e0                  0.00000000000000000000000e0                  0.00000000000000000000000e0                  0.00000000000000000000000e0                  0.00000000000000000000000e0                  0.00000000000000000000000e0                  0.00000000000000000000000e0                  0.00000000000000000000000e0                  1.51357674378902283121019e0                  1.39157968875791109891275e3                  5.48229818079066134446721e4                  2.77287574402860529439327e5                  -1.2850917443769394816494e5                  -8.8882222126454031882012e5                  1.70807991016898979450062e5                  4.27404136190657450730201e5                  -4.3154078830563058659216e4                  -4.0593871806429405963473e4                  -3.0111701984715839860279e3                  -3.5490728054544227595204e1                  -1.9213753699958153964433e-2                 0.00000000000000000000000e0                  0.00000000000000000000000e0                  0.00000000000000000000000e0                  0.00000000000000000000000e0                  0.00000000000000000000000e0                  0.00000000000000000000000e0                  0.00000000000000000000000e0                  0.00000000000000000000000e0                  0.00000000000000000000000e0                  0.00000000000000000000000e0                  0.00000000000000000000000e0                  0.00000000000000000000000e0                  0.00000000000000000000000e0                  0.00000000000000000000000e0                  0.00000000000000000000000e0                  0.00000000000000000000000e0                  0.00000000000000000000000e0                  0.00000000000000000000000e0                  0.00000000000000000000000e0                  0.00000000000000000000000e0                  0.00000000000000000000000e0                  
0.00000000000000000000000e0                  0.00000000000000000000000e0                  0.00000000000000000000000e0                  -2.4510640814480052914341e-5                 -5.6389115980169821680164e-2                 -4.4510491323725718630536e0                  -5.9833888776981831178805e1                  -1.7216443927626077355231e2                  3.82452704410776013540318e1                  2.87541540362873665737490e2                  2.88339746480228062245431e1                  -7.8584867120240202524817e1                  -1.8761884333690186311615e1                  -9.5600908212729355797796e-1                 -8.3072581341200295883155e-3                 -2.7454577768483517175588e-6                 0.00000000000000000000000e0                  0.00000000000000000000000e0                  0.00000000000000000000000e0                  0.00000000000000000000000e0                  0.00000000000000000000000e0                  0.00000000000000000000000e0                  0.00000000000000000000000e0                  0.00000000000000000000000e0                  0.00000000000000000000000e0                  0.00000000000000000000000e0                  0.00000000000000000000000e0                  0.00000000000000000000000e0                  0.00000000000000000000000e0                  0.00000000000000000000000e0                  0.00000000000000000000000e0                  0.00000000000000000000000e0                  0.00000000000000000000000e0                  0.00000000000000000000000e0                  0.00000000000000000000000e0                  0.00000000000000000000000e0                  0.00000000000000000000000e0                  0.00000000000000000000000e0                  0.00000000000000000000000e0                  8.06898692448395334553000e-1                 7.04133671384747240263327e2                  2.50192508817893544730369e4                  1.26885390732960853086024e5                  -5.8805147855658142257368e4                  -4.0672055024520402366985e5                  7.81608722538838470639156e4                  1.95577969688048627999144e5                  -1.9747088076084021327773e4                  -1.8575550298691576292889e4                  -1.3778962437076758628618e3                  -1.6240377544128583296873e1                  -8.7921164549698356206248e-3                 0.00000000000000000000000e0                  0.00000000000000000000000e0                  0.00000000000000000000000e0                  0.00000000000000000000000e0                  0.00000000000000000000000e0                  0.00000000000000000000000e0                  0.00000000000000000000000e0                  0.00000000000000000000000e0                  0.00000000000000000000000e0                  0.00000000000000000000000e0                  0.00000000000000000000000e0                  0.00000000000000000000000e0                  0.00000000000000000000000e0                  0.00000000000000000000000e0                  0.00000000000000000000000e0                  0.00000000000000000000000e0                  0.00000000000000000000000e0                  0.00000000000000000000000e0                  0.00000000000000000000000e0                  0.00000000000000000000000e0                  
0.00000000000000000000000e0                  0.00000000000000000000000e0                  0.00000000000000000000000e0                  0.00000000000000000000000e0                  -1.8717463579485542404393e-5                 -3.8754987525340618374072e-2                 -3.0475544434035213837109e0                  -4.0827397548962969632158e1                  -1.1679668349597822194485e2                  2.88339746480228062245431e1                  2.00954613630457696554155e2                  2.37910006751829362165781e1                  -5.2109802422684513960360e1                  -1.2603263377365724347029e1                  -6.4473700084978604485061e-1                 -5.6146061002213610736274e-3                 -1.8586690667362756599903e-6                 0.00000000000000000000000e0                  0.00000000000000000000000e0                  0.00000000000000000000000e0                  0.00000000000000000000000e0                  0.00000000000000000000000e0                  0.00000000000000000000000e0                  0.00000000000000000000000e0                  0.00000000000000000000000e0                  0.00000000000000000000000e0                  0.00000000000000000000000e0                  0.00000000000000000000000e0                  0.00000000000000000000000e0                  0.00000000000000000000000e0                  0.00000000000000000000000e0                  0.00000000000000000000000e0                  0.00000000000000000000000e0                  0.00000000000000000000000e0                  0.00000000000000000000000e0                  0.00000000000000000000000e0                  0.00000000000000000000000e0                  0.00000000000000000000000e0                  0.00000000000000000000000e0                  0.00000000000000000000000e0                  4.08360757013862491200897e-1                 3.22168876504283332743747e2                  1.14486825845632566378512e4                  5.80621126501154158885825e4                  -2.6908938054087376428974e4                  -1.8611326543615640345632e5                  3.57660195820905157826561e4                  8.94954891363903089076154e4                  -9.0361675663540479865509e3                  -8.5000778084087622871203e3                  -6.3051834777968286706236e2                  -7.4315145739047599196619e0                  -4.0232279941175526619881e-3                 0.00000000000000000000000e0                  0.00000000000000000000000e0                  0.00000000000000000000000e0                  0.00000000000000000000000e0                  0.00000000000000000000000e0                  0.00000000000000000000000e0                  0.00000000000000000000000e0                  0.00000000000000000000000e0                  0.00000000000000000000000e0                  0.00000000000000000000000e0                  0.00000000000000000000000e0                  0.00000000000000000000000e0                  0.00000000000000000000000e0                  0.00000000000000000000000e0                  0.00000000000000000000000e0                  0.00000000000000000000000e0                  0.00000000000000000000000e0                  0.00000000000000000000000e0                  0.00000000000000000000000e0                  
