Number of BSplines:   40
Order of BSplines:    8
 and number of knots:   48
Knots: 
0.00000000000000000000000e0                  0.00000000000000000000000e0                  0.00000000000000000000000e0                  0.00000000000000000000000e0                  0.00000000000000000000000e0                  0.00000000000000000000000e0                  0.00000000000000000000000e0                  0.00000000000000000000000e0                  1.00000000000000000000000e-3                 1.40230606585437985378704e-3                 1.96646230233198832728874e-3                 2.75758201483411664921034e-3                 3.86697398649282426474489e-3                 5.42268107775998021460896e-3                 7.60425856853658633557649e-3                 1.06634979169839985167202e-2                 1.49534878122122054191190e-2                 2.09693666647447154568606e-2                 2.94054700710961405868864e-2                 4.12354690499975403629659e-2                 5.78247483771620931038465e-2                 8.10879954057976107113710e-2                 1.13710187825522075321754e-1                 1.59456486137170461663550e-1                 2.23606797749978969640917e-1                 3.13565168851069005917325e-1                 4.39714338320506911847073e-1                 6.16614083869991828439912e-1                 8.64681670102130863341603e-1                 1.21254835101731387796181e0                  1.70036390777330505392641e0                  2.38443062203036298912428e0                  3.34370152488211012001617e0                  4.68889293074872265123284e0                  6.57526299893065442142289e0                  9.22053118798831744921812e0                  1.29300068153155087964162e1                  1.81318269886554102061101e1                  2.54263709712136356185505e1                  3.56555542455966007513140e1                  5.00000000000000000000000e1                  5.00000000000000000000000e1                  5.00000000000000000000000e1                  5.00000000000000000000000e1                  5.00000000000000000000000e1                  5.00000000000000000000000e1                  5.00000000000000000000000e1                  5.00000000000000000000000e1                  
----------------------------------------------------------------
Matrix H : 
1.44140153039837953296104e3                  3.22006501092957904375731e2                  -1.9936519836496123727551e2                  -1.3772464032713150642073e2                  -2.9081105047021714583498e1                  -2.3020154993440583705091e0                  -5.4993731249379871684511e-2                 -1.2690243927631180418625e-8                 0.00000000000000000000000e0                  0.00000000000000000000000e0                  0.00000000000000000000000e0                  0.00000000000000000000000e0                  0.00000000000000000000000e0                  0.00000000000000000000000e0                  0.00000000000000000000000e0                  0.00000000000000000000000e0                  0.00000000000000000000000e0                  0.00000000000000000000000e0                  0.00000000000000000000000e0                  0.00000000000000000000000e0                  0.00000000000000000000000e0                  0.00000000000000000000000e0                  0.00000000000000000000000e0                  0.00000000000000000000000e0                  0.00000000000000000000000e0                  0.00000000000000000000000e0                  0.00000000000000000000000e0                  0.00000000000000000000000e0                  0.00000000000000000000000e0                  0.00000000000000000000000e0                  0.00000000000000000000000e0                  0.00000000000000000000000e0                  0.00000000000000000000000e0                  0.00000000000000000000000e0                  0.00000000000000000000000e0                  0.00000000000000000000000e0                  0.00000000000000000000000e0                  0.00000000000000000000000e0                  1.13588044417108856418982e5                  2.95012905544275853044178e4                  2.78657513604526646423734e3                  -1.5782898715654224529910e3                  -5.2647746468424820874435e2                  -5.1119490809459498916553e1                  -1.4057072974532509850010e0                  -1.0538565223893014843945e-6                 0.00000000000000000000000e0                  0.00000000000000000000000e0                  0.00000000000000000000000e0                  0.00000000000000000000000e0                  0.00000000000000000000000e0                  0.00000000000000000000000e0                  0.00000000000000000000000e0                  0.00000000000000000000000e0                  0.00000000000000000000000e0                  0.00000000000000000000000e0                  0.00000000000000000000000e0                  0.00000000000000000000000e0                  0.00000000000000000000000e0                  0.00000000000000000000000e0                  0.00000000000000000000000e0                  0.00000000000000000000000e0                  0.00000000000000000000000e0                  0.00000000000000000000000e0                  0.00000000000000000000000e0                  0.00000000000000000000000e0                  0.00000000000000000000000e0                  0.00000000000000000000000e0                  0.00000000000000000000000e0                  0.00000000000000000000000e0                  0.00000000000000000000000e0                  0.00000000000000000000000e0                  0.00000000000000000000000e0                  0.00000000000000000000000e0                  0.00000000000000000000000e0                  0.00000000000000000000000e0                  
3.22006501092957904375731e2                  5.88140204246064921313084e2                  1.69842971767470896751084e2                  -1.5415113989035934428536e2                  -9.7804700558859769071694e1                  -1.6577081244304501953774e1                  -7.8224910733727877404461e-1                 -2.1540531933183724510454e-4                 -1.8574087190462773275285e-8                 0.00000000000000000000000e0                  0.00000000000000000000000e0                  0.00000000000000000000000e0                  0.00000000000000000000000e0                  0.00000000000000000000000e0                  0.00000000000000000000000e0                  0.00000000000000000000000e0                  0.00000000000000000000000e0                  0.00000000000000000000000e0                  0.00000000000000000000000e0                  0.00000000000000000000000e0                  0.00000000000000000000000e0                  0.00000000000000000000000e0                  0.00000000000000000000000e0                  0.00000000000000000000000e0                  0.00000000000000000000000e0                  0.00000000000000000000000e0                  0.00000000000000000000000e0                  0.00000000000000000000000e0                  0.00000000000000000000000e0                  0.00000000000000000000000e0                  0.00000000000000000000000e0                  0.00000000000000000000000e0                  0.00000000000000000000000e0                  0.00000000000000000000000e0                  0.00000000000000000000000e0                  0.00000000000000000000000e0                  0.00000000000000000000000e0                  0.00000000000000000000000e0                  -3.2056610540287583282641e4                  3.68037323437523568263497e3                  6.75517881278071222306321e3                  8.96297969760260765431537e2                  -7.9661427234942011761661e2                  -2.2171899228260850363042e2                  -1.3389778418402543569136e1                  -7.5540314364825330575807e-3                 -1.0904269595709964180716e-6                 0.00000000000000000000000e0                  0.00000000000000000000000e0                  0.00000000000000000000000e0                  0.00000000000000000000000e0                  0.00000000000000000000000e0                  0.00000000000000000000000e0                  0.00000000000000000000000e0                  0.00000000000000000000000e0                  0.00000000000000000000000e0                  0.00000000000000000000000e0                  0.00000000000000000000000e0                  0.00000000000000000000000e0                  0.00000000000000000000000e0                  0.00000000000000000000000e0                  0.00000000000000000000000e0                  0.00000000000000000000000e0                  0.00000000000000000000000e0                  0.00000000000000000000000e0                  0.00000000000000000000000e0                  0.00000000000000000000000e0                  0.00000000000000000000000e0                  0.00000000000000000000000e0                  0.00000000000000000000000e0                  0.00000000000000000000000e0                  0.00000000000000000000000e0                  0.00000000000000000000000e0                  0.00000000000000000000000e0                  0.00000000000000000000000e0                  0.00000000000000000000000e0                  
-1.9936519836496123727551e2                  1.69842971767470896751084e2                  4.16244057975480406513455e2                  1.14448294281094124517234e2                  -1.3425607838944489357570e2                  -6.9392952851868905040073e1                  -8.0903084973676563900006e0                  -6.6833039327320921661333e-2                 -2.4267697475457158188044e-4                 -2.0909456360944974077542e-8                 0.00000000000000000000000e0                  0.00000000000000000000000e0                  0.00000000000000000000000e0                  0.00000000000000000000000e0                  0.00000000000000000000000e0                  0.00000000000000000000000e0                  0.00000000000000000000000e0                  0.00000000000000000000000e0                  0.00000000000000000000000e0                  0.00000000000000000000000e0                  0.00000000000000000000000e0                  0.00000000000000000000000e0                  0.00000000000000000000000e0                  0.00000000000000000000000e0                  0.00000000000000000000000e0                  0.00000000000000000000000e0                  0.00000000000000000000000e0                  0.00000000000000000000000e0                  0.00000000000000000000000e0                  0.00000000000000000000000e0                  0.00000000000000000000000e0                  0.00000000000000000000000e0                  0.00000000000000000000000e0                  0.00000000000000000000000e0                  0.00000000000000000000000e0                  0.00000000000000000000000e0                  0.00000000000000000000000e0                  0.00000000000000000000000e0                  -8.3906139797124163904986e3                  -5.6969298725237163206233e3                  1.41746229439369200820534e3                  3.22398273378137798553864e3                  2.63173845127828361508827e2                  -4.7588672414198480879676e2                  -8.9798030015771910673947e1                  -1.2543020436800161518425e0                  -6.0261981554141230422906e-3                 -8.7000912776219451532703e-7                 0.00000000000000000000000e0                  0.00000000000000000000000e0                  0.00000000000000000000000e0                  0.00000000000000000000000e0                  0.00000000000000000000000e0                  0.00000000000000000000000e0                  0.00000000000000000000000e0                  0.00000000000000000000000e0                  0.00000000000000000000000e0                  0.00000000000000000000000e0                  0.00000000000000000000000e0                  0.00000000000000000000000e0                  0.00000000000000000000000e0                  0.00000000000000000000000e0                  0.00000000000000000000000e0                  0.00000000000000000000000e0                  0.00000000000000000000000e0                  0.00000000000000000000000e0                  0.00000000000000000000000e0                  0.00000000000000000000000e0                  0.00000000000000000000000e0                  0.00000000000000000000000e0                  0.00000000000000000000000e0                  0.00000000000000000000000e0                  0.00000000000000000000000e0                  0.00000000000000000000000e0                  0.00000000000000000000000e0                  0.00000000000000000000000e0                  
-1.3772464032713150642073e2                  -1.5415113989035934428536e2                  1.14448294281094124517234e2                  3.38554322655782046212871e2                  7.87433438132129135762083e1                  -1.1834180703976838571356e2                  -4.8100479556130773819607e1                  -2.9173909577827564215245e0                  -6.4506460414677331257753e-2                 -2.3453233916652786454054e-4                 -2.0198457511768063511581e-8                 0.00000000000000000000000e0                  0.00000000000000000000000e0                  0.00000000000000000000000e0                  0.00000000000000000000000e0                  0.00000000000000000000000e0                  0.00000000000000000000000e0                  0.00000000000000000000000e0                  0.00000000000000000000000e0                  0.00000000000000000000000e0                  0.00000000000000000000000e0                  0.00000000000000000000000e0                  0.00000000000000000000000e0                  0.00000000000000000000000e0                  0.00000000000000000000000e0                  0.00000000000000000000000e0                  0.00000000000000000000000e0                  0.00000000000000000000000e0                  0.00000000000000000000000e0                  0.00000000000000000000000e0                  0.00000000000000000000000e0                  0.00000000000000000000000e0                  0.00000000000000000000000e0                  0.00000000000000000000000e0                  0.00000000000000000000000e0                  0.00000000000000000000000e0                  0.00000000000000000000000e0                  0.00000000000000000000000e0                  -4.0759834917236620240803e2                  -2.3781646708103107216203e3                  -2.7043737653142277580557e3                  7.17359657389832985176070e2                  1.85480388880585032582300e3                  1.93452832389341235561849e1                  -2.8530915790881307391076e2                  -3.0105052894644454148259e1                  -8.5738118404120189514968e-1                 -4.1329553260486374093588e-3                 -5.9674076159180990208998e-7                 0.00000000000000000000000e0                  0.00000000000000000000000e0                  0.00000000000000000000000e0                  0.00000000000000000000000e0                  0.00000000000000000000000e0                  0.00000000000000000000000e0                  0.00000000000000000000000e0                  0.00000000000000000000000e0                  0.00000000000000000000000e0                  0.00000000000000000000000e0                  0.00000000000000000000000e0                  0.00000000000000000000000e0                  0.00000000000000000000000e0                  0.00000000000000000000000e0                  0.00000000000000000000000e0                  0.00000000000000000000000e0                  0.00000000000000000000000e0                  0.00000000000000000000000e0                  0.00000000000000000000000e0                  0.00000000000000000000000e0                  0.00000000000000000000000e0                  0.00000000000000000000000e0                  0.00000000000000000000000e0                  0.00000000000000000000000e0                  0.00000000000000000000000e0                  0.00000000000000000000000e0                  0.00000000000000000000000e0                  
-2.9081105047021714583498e1                  -9.7804700558859769071694e1                  -1.3425607838944489357570e2                  7.87433438132129135762083e1                  2.85144531703740668943499e2                  5.38222151028877064617112e1                  -1.0118180614240719734895e2                  -3.0331248605939397114120e1                  -2.5390646079959453914543e0                  -5.6513031709660739600959e-2                 -2.0570402644154461547842e-4                 -1.7713070021484789259599e-8                 0.00000000000000000000000e0                  0.00000000000000000000000e0                  0.00000000000000000000000e0                  0.00000000000000000000000e0                  0.00000000000000000000000e0                  0.00000000000000000000000e0                  0.00000000000000000000000e0                  0.00000000000000000000000e0                  0.00000000000000000000000e0                  0.00000000000000000000000e0                  0.00000000000000000000000e0                  0.00000000000000000000000e0                  0.00000000000000000000000e0                  0.00000000000000000000000e0                  0.00000000000000000000000e0                  0.00000000000000000000000e0                  0.00000000000000000000000e0                  0.00000000000000000000000e0                  0.00000000000000000000000e0                  0.00000000000000000000000e0                  0.00000000000000000000000e0                  0.00000000000000000000000e0                  0.00000000000000000000000e0                  0.00000000000000000000000e0                  0.00000000000000000000000e0                  0.00000000000000000000000e0                  2.17538551325749379118595e2                  1.08695396420373286689687e2                  -9.5434025882567471198341e2                  -1.6159503642495248593612e3                  4.00238477717264240999805e2                  1.11543781031506685470835e3                  -5.9026187528584800872550e1                  -1.5433292885742897294035e2                  -1.8498992370146513923952e1                  -5.3327529445686974315355e-1                 -2.5767473527033986957375e-3                 -3.7207333766281392576889e-7                 0.00000000000000000000000e0                  0.00000000000000000000000e0                  0.00000000000000000000000e0                  0.00000000000000000000000e0                  0.00000000000000000000000e0                  0.00000000000000000000000e0                  0.00000000000000000000000e0                  0.00000000000000000000000e0                  0.00000000000000000000000e0                  0.00000000000000000000000e0                  0.00000000000000000000000e0                  0.00000000000000000000000e0                  0.00000000000000000000000e0                  0.00000000000000000000000e0                  0.00000000000000000000000e0                  0.00000000000000000000000e0                  0.00000000000000000000000e0                  0.00000000000000000000000e0                  0.00000000000000000000000e0                  0.00000000000000000000000e0                  0.00000000000000000000000e0                  0.00000000000000000000000e0                  0.00000000000000000000000e0                  0.00000000000000000000000e0                  0.00000000000000000000000e0                  0.00000000000000000000000e0                  
-2.3020154993440583705091e0                  -1.6577081244304501953774e1                  -6.9392952851868905040073e1                  -1.1834180703976838571356e2                  5.38222151028877064617112e1                  2.39324591456851794137383e2                  3.71293808548187871288111e1                  -7.7517405500123741240145e1                  -2.4360284005900809671470e1                  -2.0746943713578995054247e0                  -4.6424014000187480917383e-2                 -1.6918782756199711866117e-4                 -1.4572173464564667387962e-8                 0.00000000000000000000000e0                  0.00000000000000000000000e0                  0.00000000000000000000000e0                  0.00000000000000000000000e0                  0.00000000000000000000000e0                  0.00000000000000000000000e0                  0.00000000000000000000000e0                  0.00000000000000000000000e0                  0.00000000000000000000000e0                  0.00000000000000000000000e0                  0.00000000000000000000000e0                  0.00000000000000000000000e0                  0.00000000000000000000000e0                  0.00000000000000000000000e0                  0.00000000000000000000000e0                  0.00000000000000000000000e0                  0.00000000000000000000000e0                  0.00000000000000000000000e0                  0.00000000000000000000000e0                  0.00000000000000000000000e0                  0.00000000000000000000000e0                  0.00000000000000000000000e0                  0.00000000000000000000000e0                  0.00000000000000000000000e0                  0.00000000000000000000000e0                  3.09315839235564769830897e1                  1.24177320741235045808905e2                  1.84966089560980184281688e2                  -4.0203095340782933661211e2                  -1.0090089260993081219743e3                  2.29016660172740394044922e2                  6.65541702372413206652091e2                  -6.3050090456235325167526e1                  -8.6439641003423304168942e1                  -1.0718489455438700970905e1                  -3.1170074767402397486582e-1                 -1.5086780163325318304874e-3                 -2.1785913558219693595933e-7                 0.00000000000000000000000e0                  0.00000000000000000000000e0                  0.00000000000000000000000e0                  0.00000000000000000000000e0                  0.00000000000000000000000e0                  0.00000000000000000000000e0                  0.00000000000000000000000e0                  0.00000000000000000000000e0                  0.00000000000000000000000e0                  0.00000000000000000000000e0                  0.00000000000000000000000e0                  0.00000000000000000000000e0                  0.00000000000000000000000e0                  0.00000000000000000000000e0                  0.00000000000000000000000e0                  0.00000000000000000000000e0                  0.00000000000000000000000e0                  0.00000000000000000000000e0                  0.00000000000000000000000e0                  0.00000000000000000000000e0                  0.00000000000000000000000e0                  0.00000000000000000000000e0                  0.00000000000000000000000e0                  0.00000000000000000000000e0                  0.00000000000000000000000e0                  
-5.4993731249379871684511e-2                 -7.8224910733727877404461e-1                 -8.0903084973676563900006e0                  -4.8100479556130773819607e1                  -1.0118180614240719734895e2                  3.71293808548187871288111e1                  1.98085669318038315380666e2                  2.52624189467091880350427e1                  -5.6547957646832732816745e1                  -1.8766803905909173427247e1                  -1.6220432247945101433843e0                  -3.6476278812428707184440e-2                 -1.3315848932954230684425e-4                 -1.1478720681290101292954e-8                 0.00000000000000000000000e0                  0.00000000000000000000000e0                  0.00000000000000000000000e0                  0.00000000000000000000000e0                  0.00000000000000000000000e0                  0.00000000000000000000000e0                  0.00000000000000000000000e0                  0.00000000000000000000000e0                  0.00000000000000000000000e0                  0.00000000000000000000000e0                  0.00000000000000000000000e0                  0.00000000000000000000000e0                  0.00000000000000000000000e0                  0.00000000000000000000000e0                  0.00000000000000000000000e0                  0.00000000000000000000000e0                  0.00000000000000000000000e0                  0.00000000000000000000000e0                  0.00000000000000000000000e0                  0.00000000000000000000000e0                  0.00000000000000000000000e0                  0.00000000000000000000000e0                  0.00000000000000000000000e0                  0.00000000000000000000000e0                  9.83969428288738870859597e-1                 9.35612335889280733324723e0                  6.06429125729679103047209e1                  1.55534083804882208786598e2                  -1.6105054235204280185086e2                  -6.1998094750406660930452e2                  1.30270995177291561021080e2                  3.61291948168171042928071e2                  -2.2847852630583649219154e1                  -4.6951415886503734587389e1                  -5.9695023445778948458695e0                  -1.7469272220946365810480e-1                 -8.4656526804196929314675e-4                 -1.2225187911771088934897e-7                 0.00000000000000000000000e0                  0.00000000000000000000000e0                  0.00000000000000000000000e0                  0.00000000000000000000000e0                  0.00000000000000000000000e0                  0.00000000000000000000000e0                  0.00000000000000000000000e0                  0.00000000000000000000000e0                  0.00000000000000000000000e0                  0.00000000000000000000000e0                  0.00000000000000000000000e0                  0.00000000000000000000000e0                  0.00000000000000000000000e0                  0.00000000000000000000000e0                  0.00000000000000000000000e0                  0.00000000000000000000000e0                  0.00000000000000000000000e0                  0.00000000000000000000000e0                  0.00000000000000000000000e0                  0.00000000000000000000000e0                  0.00000000000000000000000e0                  0.00000000000000000000000e0                  0.00000000000000000000000e0                  0.00000000000000000000000e0                  
-1.2690243927631180418625e-8                 -2.1540531933183724510454e-4                 -6.6833039327320921661333e-2                 -2.9173909577827564215245e0                  -3.0331248605939397114120e1                  -7.7517405500123741240145e1                  2.52624189467091880350427e1                  1.41481005179169254117700e2                  2.79140192312136194861528e1                  -3.7115847043598374248452e1                  -1.3042720074350452040232e1                  -1.1445269047069488887708e0                  -2.5889304366206709621043e-2                 -9.4776182579516520586660e-5                 -8.1859694434793920677376e-9                 0.00000000000000000000000e0                  0.00000000000000000000000e0                  0.00000000000000000000000e0                  0.00000000000000000000000e0                  0.00000000000000000000000e0                  0.00000000000000000000000e0                  0.00000000000000000000000e0                  0.00000000000000000000000e0                  0.00000000000000000000000e0                  0.00000000000000000000000e0                  0.00000000000000000000000e0                  0.00000000000000000000000e0                  0.00000000000000000000000e0                  0.00000000000000000000000e0                  0.00000000000000000000000e0                  0.00000000000000000000000e0                  0.00000000000000000000000e0                  0.00000000000000000000000e0                  0.00000000000000000000000e0                  0.00000000000000000000000e0                  0.00000000000000000000000e0                  0.00000000000000000000000e0                  0.00000000000000000000000e0                  1.00076011021291313765221e-6                 6.82295112708007593915544e-3                 1.07237775224335574434684e0                  2.37026963324270188862471e1                  9.99354194705121794496735e1                  -5.4192766713092810991397e1                  -3.4387165776301049222030e2                  6.34069436372673014965379e1                  1.85839183371783676999358e2                  -7.2233176611377802655007e0                  -2.3317074307638687984502e1                  -3.0193044922391639753918e0                  -8.8756992382769009307306e-2                 -4.3049073843652609155088e-4                 -6.2168444935769573855599e-8                 0.00000000000000000000000e0                  0.00000000000000000000000e0                  0.00000000000000000000000e0                  0.00000000000000000000000e0                  0.00000000000000000000000e0                  0.00000000000000000000000e0                  0.00000000000000000000000e0                  0.00000000000000000000000e0                  0.00000000000000000000000e0                  0.00000000000000000000000e0                  0.00000000000000000000000e0                  0.00000000000000000000000e0                  0.00000000000000000000000e0                  0.00000000000000000000000e0                  0.00000000000000000000000e0                  0.00000000000000000000000e0                  0.00000000000000000000000e0                  0.00000000000000000000000e0                  0.00000000000000000000000e0                  0.00000000000000000000000e0                  0.00000000000000000000000e0                  0.00000000000000000000000e0                  0.00000000000000000000000e0                  
0.00000000000000000000000e0                  -1.8574087190462773275285e-8                 -2.4267697475457158188044e-4                 -6.4506460414677331257753e-2                 -2.5390646079959453914543e0                  -2.4360284005900809671470e1                  -5.6547957646832732816745e1                  2.79140192312136194861528e1                  1.09055291406332848532525e2                  2.62107732107661725780822e1                  -2.4365788293938031260207e1                  -9.0146675628753991656067e0                  -8.0217405718881739688152e-1                 -1.8273647487399635979237e-2                 -6.7224161486394447179835e-5                 -5.8297834012289238041334e-9                 0.00000000000000000000000e0                  0.00000000000000000000000e0                  0.00000000000000000000000e0                  0.00000000000000000000000e0                  0.00000000000000000000000e0                  0.00000000000000000000000e0                  0.00000000000000000000000e0                  0.00000000000000000000000e0                  0.00000000000000000000000e0                  0.00000000000000000000000e0                  0.00000000000000000000000e0                  0.00000000000000000000000e0                  0.00000000000000000000000e0                  0.00000000000000000000000e0                  0.00000000000000000000000e0                  0.00000000000000000000000e0                  0.00000000000000000000000e0                  0.00000000000000000000000e0                  0.00000000000000000000000e0                  0.00000000000000000000000e0                  0.00000000000000000000000e0                  0.00000000000000000000000e0                  0.00000000000000000000000e0                  1.03548796504076115699692e-6                 5.44293870650054800247514e-3                 7.32882588692415459488582e-1                 1.45464030411107120619502e1                  5.54247818407126247116339e1                  -3.8464030138782230296968e1                  -1.7129139373784464585029e2                  3.22074870152201126055872e1                  9.44834211847056197134532e1                  -3.6785722451400987406638e0                  -1.1857938546087061208852e1                  -1.5354213239673501590684e0                  -4.5135608298085513965075e-2                 -2.1891673781408884246780e-4                 -3.1614367664234262144635e-8                 0.00000000000000000000000e0                  0.00000000000000000000000e0                  0.00000000000000000000000e0                  0.00000000000000000000000e0                  0.00000000000000000000000e0                  0.00000000000000000000000e0                  0.00000000000000000000000e0                  0.00000000000000000000000e0                  0.00000000000000000000000e0                  0.00000000000000000000000e0                  0.00000000000000000000000e0                  0.00000000000000000000000e0                  0.00000000000000000000000e0                  0.00000000000000000000000e0                  0.00000000000000000000000e0                  0.00000000000000000000000e0                  0.00000000000000000000000e0                  0.00000000000000000000000e0                  0.00000000000000000000000e0                  0.00000000000000000000000e0                  0.00000000000000000000000e0                  0.00000000000000000000000e0                  
0.00000000000000000000000e0                  0.00000000000000000000000e0                  -2.0909456360944974077542e-8                 -2.3453233916652786454054e-4                 -5.6513031709660739600959e-2                 -2.0746943713578995054247e0                  -1.8766803905909173427247e1                  -3.7115847043598374248452e1                  2.62107732107661725780822e1                  8.90747532582485991522887e1                  2.75317855486471920748392e1                  -1.4383002180810353451062e1                  -6.0149667110841987426518e0                  -5.5150858788551672682013e-1                 -1.2749477978711777424022e-2                 -4.7374680796954372564207e-5                 -4.1422575507034775547321e-9                 0.00000000000000000000000e0                  0.00000000000000000000000e0                  0.00000000000000000000000e0                  0.00000000000000000000000e0                  0.00000000000000000000000e0                  0.00000000000000000000000e0                  0.00000000000000000000000e0                  0.00000000000000000000000e0                  0.00000000000000000000000e0                  0.00000000000000000000000e0                  0.00000000000000000000000e0                  0.00000000000000000000000e0                  0.00000000000000000000000e0                  0.00000000000000000000000e0                  0.00000000000000000000000e0                  0.00000000000000000000000e0                  0.00000000000000000000000e0                  0.00000000000000000000000e0                  0.00000000000000000000000e0                  0.00000000000000000000000e0                  0.00000000000000000000000e0                  0.00000000000000000000000e0                  0.00000000000000000000000e0                  8.26175385456548833552785e-7                 3.73291538490144543539248e-3                 4.55774637792998052470522e-1                 8.42048464703688098100152e0                  2.98786127702235659637584e1                  -2.2369527675408382413583e1                  -8.7127269590354909975501e1                  1.63522316274941190294455e1                  4.80325069284476736142656e1                  -1.8744465733286392924152e0                  -6.0304911653978909887555e0                  -7.8081967615037704285020e-1                 -2.2952868415222502472143e-2                 -1.1132544436637255108783e-4                 -1.6076779074287527792445e-8                 0.00000000000000000000000e0                  0.00000000000000000000000e0                  0.00000000000000000000000e0                  0.00000000000000000000000e0                  0.00000000000000000000000e0                  0.00000000000000000000000e0                  0.00000000000000000000000e0                  0.00000000000000000000000e0                  0.00000000000000000000000e0                  0.00000000000000000000000e0                  0.00000000000000000000000e0                  0.00000000000000000000000e0                  0.00000000000000000000000e0                  0.00000000000000000000000e0                  0.00000000000000000000000e0                  0.00000000000000000000000e0                  0.00000000000000000000000e0                  0.00000000000000000000000e0                  0.00000000000000000000000e0                  0.00000000000000000000000e0                  0.00000000000000000000000e0                  
0.00000000000000000000000e0                  0.00000000000000000000000e0                  0.00000000000000000000000e0                  -2.0198457511768063511581e-8                 -2.0570402644154461547842e-4                 -4.6424014000187480917383e-2                 -1.6220432247945101433843e0                  -1.3042720074350452040232e1                  -2.4365788293938031260207e1                  2.75317855486471920748392e1                  7.93166925524534360298929e1                  3.20391980215971716458670e1                  -6.0346766136384360493969e0                  -3.7030126735862761711255e0                  -3.6402561550607203531633e-1                 -8.6876813939302678799452e-3                 -3.2964097496252218338432e-5                 -2.9306765489084804564423e-9                 0.00000000000000000000000e0                  0.00000000000000000000000e0                  0.00000000000000000000000e0                  0.00000000000000000000000e0                  0.00000000000000000000000e0                  0.00000000000000000000000e0                  0.00000000000000000000000e0                  0.00000000000000000000000e0                  0.00000000000000000000000e0                  0.00000000000000000000000e0                  0.00000000000000000000000e0                  0.00000000000000000000000e0                  0.00000000000000000000000e0                  0.00000000000000000000000e0                  0.00000000000000000000000e0                  0.00000000000000000000000e0                  0.00000000000000000000000e0                  0.00000000000000000000000e0                  0.00000000000000000000000e0                  0.00000000000000000000000e0                  0.00000000000000000000000e0                  0.00000000000000000000000e0                  0.00000000000000000000000e0                  5.66675062464653436401829e-7                 2.32732593612719246923525e-3                 2.66373733815935244337457e-1                 4.68646470233818250861052e0                  1.47538081283282450551504e1                  -1.1380835337755204823499e1                  -4.4321508991253427487939e1                  8.29690414198436401248238e0                  2.44152189992403731963327e1                  -9.5591139801632364514190e-1                 -3.0669584045142023071769e0                  -3.9707950531126192300106e-1                 -1.1672287027226011432104e-2                 -5.6612241050980802598397e-5                 -8.1754874459834555256144e-9                 0.00000000000000000000000e0                  0.00000000000000000000000e0                  0.00000000000000000000000e0                  0.00000000000000000000000e0                  0.00000000000000000000000e0                  0.00000000000000000000000e0                  0.00000000000000000000000e0                  0.00000000000000000000000e0                  0.00000000000000000000000e0                  0.00000000000000000000000e0                  0.00000000000000000000000e0                  0.00000000000000000000000e0                  0.00000000000000000000000e0                  0.00000000000000000000000e0                  0.00000000000000000000000e0                  0.00000000000000000000000e0                  0.00000000000000000000000e0                  0.00000000000000000000000e0                  0.00000000000000000000000e0                  0.00000000000000000000000e0                  
